,Unnamed: 0,label,x,y,feature 1,feature 2,feature 3,feature 4,feature 5,feature 6,feature 7,feature 8,feature 9,feature 10,feature 11,feature 12,feature 13,feature 14,feature 15,feature 16,location
0,0,9,341,2619,175,223.49733228407757,210.6095682006858,55,60,71,147,206,271,0.0,0.03125,0.1875,0.1875,1668.4632011586305,718.1701758178956,515768.4014343071,cyto
1,1,14,381,1634,95,147.22234545798096,155.37954802878946,41,48,70,120,149,190,0.0,0.0344827586206896,0.1724137931034483,0.2758620689655172,1229.2655762053637,596.6362597676482,355974.82646952855,cyto
2,2,22,693,25,51,108.71751566388852,122.80799735072428,32,33,33,43,76,79,0.0,0.1818181818181818,0.8181818181818182,1.181818181818182,1705.458786921546,690.3768893701465,476620.2493763995,cyto
3,3,25,901,2187,8,150.43397059522823,150.44743428945628,23,51,51,60,88,154,0.0,0.0909090909090909,0.3636363636363636,0.6363636363636364,1194.4621963153347,591.3596480275985,349706.2333153252,nuc
4,4,60,2254,880,6,258.8056240251546,256.0307306742774,26,26,51,57,114,179,0.0,0.125,0.375,0.5,1442.2321479841055,611.2738651896586,373655.738263905,nuc
5,5,6,334,1972,20,206.358446707292,139.81763183960302,32,33,38,44,75,123,0.0,0.2,0.5333333333333333,0.6666666666666666,1328.577693243317,658.0093396691148,432976.2910917845,cyto
6,6,56,1952,1420,52,178.67595465264347,179.3642313519693,30,30,103,109,145,164,0.0,0.1111111111111111,0.1111111111111111,0.3333333333333333,1156.3305544756713,530.6532740532681,281592.8972634529,nuc
7,7,9,396,2619,228,206.4104447325697,200.8013110826064,25,37,55,134,188,256,0.03125,0.125,0.1875,0.21875,1641.139001890095,714.8346643981694,510988.59742524347,cyto
8,8,49,1922,586,21,173.92674144140207,151.4962053285927,27,27,142,144,190,224,0.0,0.1,0.1,0.1,1402.4846621628385,576.1822175265813,331985.94779384864,nuc
9,9,57,2257,826,49,133.5421279105009,108.61819064590448,27,36,37,48,86,137,0.0,0.2,0.4666666666666667,0.6666666666666666,1464.2879622307084,615.3826532745759,378695.8099512569,nuc
10,10,45,1611,1827,4,171.08673385718913,169.50923801618666,48,68,70,84,103,114,0.0,0.0,0.217391304347826,0.8260869565217391,1057.280626919411,528.6002693523827,279418.2447594116,cyto
11,11,32,1244,2078,50,124.09911906093316,126.01977367548606,36,43,43,61,79,105,0.0,0.0769230769230769,0.5384615384615384,1.0769230769230769,1099.6385075696749,552.1769135885212,304899.3439001452,nuc
12,12,52,1877,2327,25,322.46485805340285,228.10127046440516,60,83,95,108,187,209,0.0,0.0,0.074074074074074,0.2592592592592592,1359.9120634676738,679.8556569955548,462203.7143488574,nuc
13,13,52,2476,2368,62,278.00990701674067,372.3159674860653,168,174,183,228,269,300,0.0,0.0,0.0,0.0,1725.4877342489383,735.3880858517754,540795.6368127381,cyto
14,14,25,947,2166,57,112.60825391850936,112.78380199323442,31,31,31,40,107,151,0.0,0.2727272727272727,0.4545454545454545,0.5454545454545454,1173.996557212102,581.8601295233402,338561.2103289183,nuc
15,15,8,26,720,27,233.9007433483116,299.23030161396,36,36,42,50,141,213,0.0,0.1428571428571428,0.4285714285714285,0.4285714285714285,1618.2340106024255,673.5182255931021,453626.8002060807,cyto
16,16,19,851,2120,9,131.0588154809925,105.1207882903204,77,77,81,84,87,125,0.0,0.0,0.1,0.7,1174.3631181104988,580.3047112769211,336753.5579301908,nuc
17,17,61,2394,1536,50,117.51025972782618,104.91063115197822,30,35,67,98,125,170,0.0,0.1428571428571428,0.2142857142857142,0.4285714285714285,1427.997050642727,649.0887724814853,421316.2345615213,nuc
18,18,17,523,1393,1,230.1608265646017,197.783833058592,33,33,49,64,73,98,0.0,0.1111111111111111,0.5555555555555556,1.0,1150.776857582233,532.1060028142814,283136.79823099205,cyto
19,19,54,1952,21,51,354.9997813817704,221.8257138206649,142,144,169,197,249,288,0.0,0.0,0.0454545454545454,0.0454545454545454,1784.508126149151,661.5614597326742,437663.5650036267,cyto
20,20,14,401,1714,23,163.42532123000657,150.94423648772013,30,36,50,85,186,215,0.0,0.1034482758620689,0.2068965517241379,0.3103448275862069,1228.5432212921414,601.839268157252,362210.5046960567,cyto
21,21,43,1561,1934,26,180.22107743680976,178.5457361494069,40,43,56,66,119,157,0.0,0.0869565217391304,0.3043478260869565,0.5652173913043478,1075.8508698794035,547.5184596303612,299776.46363600355,nuc
22,22,38,1528,2508,17,146.3464783073292,148.72700160286834,42,50,68,108,127,158,0.0,0.0,0.1666666666666666,0.3333333333333333,1374.241897333506,671.4031759424294,450782.2246655808,nuc
23,23,57,2290,544,8,155.15134575447806,175.6273445982171,32,124,173,178,284,297,0.0,0.0666666666666666,0.0666666666666666,0.0666666666666666,1614.0151053621682,640.6489066844284,410431.0216359535,cyto
24,24,45,1591,1720,27,140.34835038653145,141.3741836800371,35,37,37,56,107,137,0.0434782608695652,0.217391304347826,0.3478260869565217,0.6521739130434783,1031.8693974485948,495.36009708172486,245381.6257808159,nuc
25,25,54,2288,72,212,87.97703687970466,184.382045292704,43,47,70,93,214,300,0.0454545454545454,0.0454545454545454,0.2272727272727272,0.3636363636363636,1899.8794538860425,683.7449724688726,467507.1873764593,cyto
26,26,45,1618,1744,53,119.20947219843067,119.38327948142364,37,37,38,57,84,143,0.0,0.1739130434782608,0.4347826086956521,0.7391304347826086,1042.24198959211,508.12839621830057,258194.46704338223,nuc
27,27,40,1708,1159,1,162.80814470543825,163.43808258532195,115,123,128,150,190,244,0.0,0.0434782608695652,0.0434782608695652,0.0869565217391304,1097.6363533689878,445.6318602679247,198587.7548858512,cyto
28,28,62,2512,2198,9,276.45844935579004,325.45891887351047,110,120,120,174,191,209,0.0,0.0,0.0,0.1538461538461538,1671.495887034136,725.7123915625466,526658.475267431,cyto
29,29,60,2135,990,44,271.98850608351745,253.09145764495443,49,51,76,106,169,211,0.0416666666666666,0.0416666666666666,0.1666666666666666,0.25,1335.4816337705695,575.1407163645453,330786.84362032224,nuc
30,30,36,1535,2155,4,126.41651111257129,126.76010987031596,50,50,58,87,102,150,0.0,0.0,0.2222222222222222,0.6666666666666666,1162.317849598659,599.4054441019763,359286.8864190874,nuc
31,31,60,2193,883,5,291.36439451682924,283.15791196924005,37,39,46,55,86,173,0.0416666666666666,0.125,0.4166666666666667,0.5,1404.143422938567,598.1260132454717,357754.7277209221,cyto
32,32,48,1629,1000,12,242.2367484558276,274.907867958072,54,94,94,102,121,146,0.0,0.0,0.0909090909090909,0.3636363636363636,1119.2507403748607,441.7862624951121,195175.1017294001,cyto
33,33,26,795,1458,92,210.5964839909928,208.666017390176,52,55,67,99,157,228,0.0,0.04,0.16,0.44,1045.7855231466556,446.98190238852897,199792.8210628685,cyto
34,34,36,1425,2011,42,55.79392444545863,55.39189484160956,46,46,47,77,103,112,0.0,0.0,0.3333333333333333,0.7777777777777778,1081.2643055216863,547.787192755962,300070.8085474575,nuc
35,35,60,2169,913,14,286.4793164572844,274.7475839172219,39,48,49,71,103,193,0.0,0.0833333333333333,0.25,0.5416666666666666,1379.6533065710662,589.9769249198866,348072.77193792554,nuc
36,36,23,860,2379,14,102.988671574837,105.1001164048631,53,74,74,76,98,167,0.0,0.0,0.3333333333333333,0.6666666666666666,1313.1524535221397,637.804754943675,406794.90542876127,nuc
37,37,22,662,16,20,140.25339465188088,155.0020011818739,18,33,33,46,55,71,0.0909090909090909,0.1818181818181818,1.0,1.2727272727272727,1721.335845337855,694.4064142063668,482200.2680909442,cyto
38,38,14,451,1744,13,154.64945477899508,129.455167458927,59,64,88,117,183,212,0.0,0.0344827586206896,0.1034482758620689,0.2758620689655172,1207.0416995277335,592.7917543127812,351402.0639812248,nuc
39,39,49,1658,775,89,184.32441466859476,231.31881238804584,80,80,84,104,122,195,0.0,0.0,0.1,0.4,1215.7548031008027,490.55572581092,240644.92012587847,cyto
40,40,61,2563,1549,77,79.67980540638906,86.41763098299411,36,41,43,65,101,125,0.0,0.0714285714285714,0.3571428571428571,0.6428571428571429,1557.91129038311,676.5158147405222,457673.6475940326,nuc
41,41,38,1613,2417,63,138.26198955737345,138.78595838257053,64,81,84,95,125,172,0.0,0.0,0.0555555555555555,0.4444444444444444,1330.034773629616,663.8222848817035,440660.0259055654,nuc
42,42,52,1908,2133,2,359.65214738134154,285.89701158326653,35,67,114,148,188,229,0.0,0.074074074074074,0.1481481481481481,0.2222222222222222,1272.843639212408,650.9917605538195,423790.2723089615,nuc
43,43,4,245,2066,1,249.7342756568054,276.7171582516984,33,40,42,57,71,93,0.0,0.1176470588235294,0.6470588235294118,1.2352941176470589,1417.0265720497443,684.1657080192144,468082.716029433,cyto
44,44,60,2101,1027,34,291.0673781764023,268.81128826425083,51,99,113,133,206,238,0.0,0.0416666666666666,0.0833333333333333,0.2083333333333333,1305.725549230143,563.4521614118621,317478.3381996991,nuc
45,45,24,722,1885,3,245.88317689883544,250.2768260203975,37,41,52,59,94,160,0.0,0.0714285714285714,0.4285714285714285,0.5,1124.9733941273273,546.7315675572605,298915.40696361935,cyto
46,46,42,1852,2294,9,126.22984153841612,129.83169279377216,21,21,41,42,124,142,0.0,0.1,0.3,0.4,1330.8992418371658,671.452679017727,450848.70016008266,nuc
47,47,9,609,2584,114,241.4153085903476,262.60514614642705,66,85,94,118,221,291,0.0,0.03125,0.09375,0.3125,1526.7736358571951,692.8223346464056,480002.787384896,cyto
48,48,26,729,1411,39,269.4583949060866,269.19144111990056,32,35,62,124,173,207,0.0,0.12,0.16,0.24,1068.2025587671117,463.4234612162361,214761.3044056363,cyto
49,49,49,1754,815,42,114.0161112223892,154.93910616372833,24,24,72,104,123,163,0.0,0.1,0.2,0.4,1227.486169104625,501.5895640574534,251592.09077134612,nuc
50,50,49,1761,744,72,77.89363989344275,124.9617571410822,58,58,72,108,175,209,0.0,0.0,0.2,0.3,1262.0036520254607,516.0430083003649,266300.38641569053,nuc
51,51,14,582,1809,10,207.8918945021188,169.1373964212515,51,66,111,132,182,229,0.0,0.0344827586206896,0.1034482758620689,0.2068965517241379,1158.8148591214729,567.3704366754264,321909.212413264,nuc
52,52,11,366,2035,1,166.90439739409726,180.29683088532832,36,36,37,37,40,57,0.0,0.5,1.5,2.75,1333.0261981550193,660.4470298753027,436190.2792711091,cyto
53,53,4,314,2056,6,299.2404280588554,322.7820772554608,32,37,45,46,57,72,0.0,0.1176470588235294,0.8235294117647058,1.411764705882353,1370.6293113612603,673.1681696466491,453155.3846254197,cyto
54,54,22,646,23,4,151.92860960423064,169.42645868889412,18,29,29,30,48,73,0.0909090909090909,0.4545454545454545,0.8181818181818182,1.2727272727272727,1720.5556426754035,695.403658008142,483586.2475711049,cyto
55,55,60,2503,978,80,176.10078653910006,201.970152744278,97,117,119,147,189,262,0.0416666666666666,0.0416666666666666,0.0416666666666666,0.1666666666666666,1582.6504106403322,648.5600375291167,420630.1222797693,nuc
56,56,31,1272,612,31,242.27742758923227,287.44545428140856,50,53,56,107,207,228,0.04,0.04,0.16,0.28,1235.6392049507535,504.8007385487263,254823.78563933948,nuc
57,57,34,1250,1952,46,162.5202968239819,162.9828344332391,34,39,56,70,95,118,0.0,0.1052631578947368,0.3157894736842105,0.8421052631578947,1050.3032415836312,514.7450567369402,264962.4734351158,nuc
58,58,43,1735,2013,69,54.05775652893888,53.67950455442667,44,50,51,81,138,157,0.0,0.0434782608695652,0.217391304347826,0.4347826086956521,1152.8865023865635,598.1299685397,357759.4592653025,nuc
59,59,44,1830,92,71,155.85501417711805,137.93247458031615,53,63,92,104,208,263,0.0,0.0,0.1333333333333333,0.2666666666666666,1688.2586449741768,644.2764978237465,415092.205648032,nuc
60,60,8,56,760,40,224.56149090636455,293.18960584637097,18,18,20,44,143,217,0.2142857142857142,0.2142857142857142,0.4285714285714285,0.4285714285714285,1581.8754347808535,665.3197013009604,442650.3049391992,cyto
61,61,60,2358,874,14,232.4879673978417,241.334688404322,90,96,100,112,150,190,0.0,0.0416666666666666,0.0416666666666666,0.2916666666666667,1512.213070079252,630.1321457115732,397066.5210590714,nuc
62,62,33,1460,788,37,182.2718593806665,181.95764688446096,24,27,33,51,88,199,0.0,0.2105263157894736,0.4210526315789473,0.5263157894736842,1166.048727453623,461.256319198312,212757.39200037508,cyto
63,63,4,350,2092,19,300.8249798108686,320.5292305340802,22,33,33,41,73,81,0.0,0.2352941176470588,0.7058823529411765,1.2941176470588236,1364.8170647873394,670.909476627426,450119.5258284866,cyto
64,64,5,366,1502,2,175.77469114300447,219.26137051870376,36,53,97,100,156,192,0.0,0.0571428571428571,0.1428571428571428,0.2857142857142857,1229.6941247519335,588.0102124766929,345756.0099768855,cyto
65,65,25,930,2104,69,66.62192839269478,66.46967567441008,30,65,65,69,88,140,0.0,0.0909090909090909,0.3636363636363636,0.6363636363636364,1148.2543582704243,567.0468732688569,321542.156483987,nuc
66,66,1,212,939,54,137.25589981650782,215.7521797590288,25,25,25,100,198,203,0.0,0.2,0.2,0.4,1416.9442626137295,619.5491744364912,383841.17954493774,cyto
67,67,56,2277,1530,51,186.8791596138593,186.64718233214728,21,21,95,106,147,152,0.0,0.1111111111111111,0.1111111111111111,0.4444444444444444,1345.6935377274283,624.6074586708735,390134.47742728697,nuc
68,68,24,1147,1561,15,289.54425403096684,284.2106184708516,29,31,45,62,105,172,0.0,0.1428571428571428,0.2857142857142857,0.5714285714285714,983.6105993408954,395.6269605440353,156520.69190931163,cyto
69,69,32,1256,2200,102,32.74865897408453,32.64320843193634,19,98,98,115,143,159,0.0769230769230769,0.0769230769230769,0.0769230769230769,0.3076923076923077,1159.1701988120765,585.3735646872797,342662.2102346928,nuc
70,70,44,1710,348,46,158.06457477674277,149.27843475483408,22,28,54,67,165,209,0.0,0.1333333333333333,0.2666666666666666,0.4,1470.730654841612,591.6529621599739,350053.2276326714,nuc
71,71,58,2331,1895,14,151.79697153544146,152.60333663219802,39,39,39,58,82,108,0.0,0.1666666666666666,0.3333333333333333,0.8333333333333334,1434.8067885507885,678.6060205840427,460506.1311729101,nuc
72,72,57,2311,568,30,131.5736951224376,157.04148767791358,32,138,181,193,264,290,0.0,0.0666666666666666,0.0666666666666666,0.0666666666666666,1614.571645390733,641.2865883364196,411248.4883801646,nuc
73,73,55,2066,1904,29,192.23465509591875,183.48436834047047,24,98,105,115,174,202,0.0,0.0666666666666666,0.0666666666666666,0.2666666666666666,1269.153661436842,635.9658412697532,404452.5512619449,nuc
74,74,63,2501,832,17,196.5187644802754,113.40996780796934,58,58,58,58,58,62,0.0,0.0,1.0,3.0,1628.047056180939,651.8688039398581,424932.9375499812,cyto
75,75,39,1351,2605,34,211.5976203305945,224.14299081928695,30,30,36,53,58,90,0.0,0.2,0.6,1.6,1423.907821665106,675.5236883523563,456332.2535251714,nuc
76,76,62,2511,2008,150,86.45993321617676,136.31421893319282,17,28,28,105,174,197,0.0769230769230769,0.1538461538461538,0.1538461538461538,0.3076923076923077,1599.9591783471678,710.0896705123457,504227.3401683317,nuc
77,77,37,1537,1731,1,209.33441289587824,177.93613583587694,26,27,27,54,83,91,0.0,0.1538461538461538,0.4615384615384615,1.0,1022.0193097321788,486.0109252378149,236206.6194505169,cyto
78,78,19,759,1953,15,233.10976640341005,208.5266495253012,66,66,73,78,97,122,0.0,0.0,0.3,0.7,1134.2651445786614,554.2995389414322,307247.9788706843,nuc
79,79,4,317,2092,34,275.7097673379416,297.24504962158994,33,33,37,40,53,74,0.0,0.2941176470588235,0.9411764705882352,1.3529411764705883,1383.5772858468529,676.7562887455286,457999.0743566213,nuc
80,80,33,1465,1023,9,220.17075125297583,183.45424357141985,29,35,46,122,195,224,0.0,0.1052631578947368,0.1578947368421052,0.2105263157894736,1077.6245013703751,404.9370717746249,163974.0320974077,cyto
81,81,44,1779,81,121,129.61969006000203,126.53223178727669,35,53,87,119,226,262,0.0,0.0666666666666666,0.1333333333333333,0.2666666666666666,1680.9625623245367,641.1154260506356,411028.989520088,nuc
82,82,43,1599,1916,46,146.93252586043567,145.3583416167028,30,32,43,64,105,137,0.0,0.1304347826086956,0.3043478260869565,0.5652173913043478,1078.686607317838,549.9383187886264,302432.1544720608,nuc
83,83,48,1787,977,39,89.06532701814307,119.12994540842573,46,70,70,70,88,160,0.0,0.0,0.3636363636363636,0.6363636363636364,1176.5384961999955,484.2809216271311,234528.01105202347,nuc
84,84,38,1676,2421,14,199.51632297130297,199.78962291749588,22,48,64,82,130,194,0.0,0.0555555555555555,0.2222222222222222,0.3888888888888889,1348.7390196944607,671.0757780398379,450342.6998717738,nuc
85,85,23,805,2484,43,109.11300788702243,144.00131014172172,40,52,52,58,119,170,0.0,0.0833333333333333,0.3333333333333333,0.5,1395.619564825922,660.9859647694815,436902.4456222422,cyto
86,86,24,1112,1589,45,244.89198383828943,239.39049082029544,32,32,45,54,102,143,0.0,0.1428571428571428,0.4285714285714285,0.6428571428571429,987.6881608369944,404.4132101789987,163550.044567283,nuc
87,87,9,544,2586,178,201.48768822995572,217.61601099288495,38,47,56,90,173,300,0.0,0.0625,0.21875,0.3125,1552.8011577825075,699.930315274817,489902.4462407048,nuc
88,88,45,1583,1738,25,151.23953703937946,151.83804064404126,20,22,36,56,94,131,0.0869565217391304,0.1739130434782608,0.391304347826087,0.6956521739130435,1032.7308438027676,498.5034210262424,248505.66077486708,nuc
89,89,10,512,180,65,85.74543934342364,102.18541879183492,32,51,51,92,169,189,0.0,0.0909090909090909,0.1818181818181818,0.3636363636363636,1651.0654063086336,688.4291106660629,473934.6404124663,cyto
90,90,26,957,1325,63,88.47144109864446,94.91752808319076,79,79,101,124,194,240,0.0,0.0,0.12,0.24,1018.2275124373004,390.6659430753626,152619.87907896243,nuc
91,91,24,760,1870,39,207.8494604837543,211.03362900319556,38,41,77,78,125,177,0.0,0.0714285714285714,0.2857142857142857,0.4285714285714285,1108.34631975762,534.1714069436729,285339.0919961829,nuc
92,92,36,1603,2101,4,156.95822563702987,157.0784172259108,39,39,87,88,111,120,0.0,0.1111111111111111,0.1111111111111111,0.7777777777777778,1151.3542217399315,596.2708313472142,355538.904315498,nuc
93,93,43,1870,2073,26,173.22703688099728,174.3624246071764,53,61,72,121,162,196,0.0,0.0,0.1739130434782608,0.217391304347826,1229.8692458791709,633.441351824602,401247.9462013792,nuc
94,94,45,1739,1561,12,143.8129422241443,147.33655215725705,73,75,78,95,157,172,0.0,0.0,0.1739130434782608,0.3478260869565217,1062.318994150559,494.3872253620336,244418.72860117024,cyto
95,95,30,1294,2610,16,163.77745066499702,173.98555529697038,30,33,33,37,58,71,0.0,0.25,0.8333333333333334,1.25,1425.2460975971849,673.8233076677792,454037.8499563466,cyto
96,96,54,2305,79,206,84.63718235270129,196.5659585614274,56,60,82,94,221,292,0.0454545454545454,0.0454545454545454,0.1363636363636363,0.3181818181818182,1904.279712028149,684.0359771720075,467905.2180656631,cyto
97,97,40,1453,1366,9,174.1429208826418,200.0994619952135,74,118,135,145,205,255,0.0,0.0434782608695652,0.0869565217391304,0.1304347826086956,1002.7234003177848,385.6559977415032,148730.5485939943,nuc
98,98,61,2507,1602,22,106.81653602542428,103.72788719861182,24,42,52,68,93,122,0.0,0.0714285714285714,0.3571428571428571,0.7142857142857143,1516.560195466276,673.5337396870625,453647.6984968396,nuc
99,99,33,1422,786,48,151.37524440776153,156.82156696440632,20,24,35,39,78,181,0.0526315789473684,0.2631578947368421,0.5263157894736842,0.5789473684210527,1161.458849978828,458.4885205589119,210211.7234842998,cyto
100,100,48,1937,996,11,105.1715511901768,86.57734724910982,40,55,55,71,167,199,0.0,0.0909090909090909,0.2727272727272727,0.2727272727272727,1232.1944126505236,521.8291543590133,272305.66633904295,nuc
101,101,32,1262,2040,16,164.96749299330767,166.84818841955246,27,42,42,54,70,86,0.0,0.0769230769230769,0.6923076923076923,1.0,1083.2149880927132,542.2527105667424,294038.00211697933,nuc
102,102,6,189,2059,23,215.73249028102188,141.11666005037196,36,40,61,94,126,152,0.0,0.1,0.1666666666666666,0.4666666666666667,1451.251258356573,689.2474957021014,475062.1103316184,nuc
103,103,5,308,1264,54,178.80691017300558,171.87646179352475,39,69,80,98,149,180,0.0,0.0571428571428571,0.1714285714285714,0.3428571428571428,1279.9674125807087,590.546367575329,348745.0122564156,cyto
104,104,45,1848,1756,68,128.26917559582355,125.58901361623175,64,68,85,97,136,152,0.0,0.0,0.1304347826086956,0.391304347826087,1124.2980151189577,564.1324221889187,318245.38976473635,nuc
105,105,60,2435,1073,194,62.64375542802372,90.59896791591764,91,94,105,117,216,270,0.0,0.0,0.0416666666666666,0.25,1508.1303689234917,636.1066774282575,404631.7050688173,nuc
106,106,34,1467,1918,35,94.24640295480496,94.5513300279083,65,74,96,103,133,161,0.0,0.0,0.1052631578947368,0.4210526315789473,1054.160701369632,526.6652831146084,277376.3204381906,nuc
107,107,51,2082,1801,45,135.689272634806,136.75908863627726,102,105,119,132,174,209,0.0,0.0416666666666666,0.0416666666666666,0.1666666666666666,1252.724906585505,621.9755138632299,386853.53984542895,nuc
108,108,57,2128,780,9,188.4269648841439,148.81794752652502,83,104,107,118,138,158,0.0,0.0,0.0,0.2666666666666666,1408.2291258694222,591.7357419060857,350151.1882491456,nuc
109,109,3,64,420,45,161.46360988225027,162.49473771935484,26,28,35,45,70,107,0.0,0.1578947368421052,0.5789473684210527,0.8421052631578947,1732.2580080354726,707.966690951699,501216.8354970985,nuc
110,110,54,2094,205,91,190.3836909121751,55.62028964600637,30,51,61,130,191,239,0.0,0.0909090909090909,0.1818181818181818,0.2272727272727272,1710.7661559961523,657.808805830379,432712.4250279893,nuc
111,111,42,1679,2293,44,77.72160046323334,81.30448763817837,57,57,83,110,129,152,0.0,0.0,0.1,0.3,1271.0907011688323,648.2950858352093,420286.5183180815,nuc
112,112,38,1353,2516,37,196.87289534529316,199.153967669175,30,33,38,53,90,124,0.0,0.1666666666666666,0.3333333333333333,0.7222222222222222,1358.4804329857286,662.10785533679,438386.8120986835,nuc
113,113,18,601,555,64,12.30379559989876,5.017853763608553,15,23,23,30,47,52,0.0769230769230769,0.4615384615384615,0.7692307692307693,0.9230769230769232,1380.480401010281,609.5639423554491,371568.1998199172,nuc
114,114,48,1718,970,53,148.3251876050888,181.08198461983704,38,68,68,70,101,150,0.0,0.0909090909090909,0.3636363636363636,0.5454545454545454,1155.2588944547283,467.8129604392988,218848.96595498093,nuc
115,115,1,15,1260,16,241.84611090268592,163.29903825120402,120,120,120,132,138,169,0.0,0.0,0.0,0.2,1484.917739411366,641.982902049349,412142.046523704,nuc
116,116,55,2255,2229,20,183.7679085404216,192.55501189022095,19,21,60,74,150,176,0.0666666666666666,0.1333333333333333,0.2666666666666666,0.3333333333333333,1506.8128381065455,711.5374582366946,506285.554473936,nuc
117,117,47,1835,1214,34,102.77375011112424,106.21548807217016,22,22,22,41,46,98,0.0,0.1666666666666666,0.5,1.1666666666666667,1131.4315439345885,482.4504316533064,232758.41900246163,nuc
118,118,52,2008,2483,21,236.01503941887384,172.2365804236211,47,90,113,124,178,239,0.0,0.037037037037037,0.074074074074074,0.1851851851851851,1514.0334047924744,712.8703248740461,508184.100086028,nuc
119,119,57,2108,624,8,204.3377684605188,181.11414899555467,30,34,76,158,211,245,0.0,0.1333333333333333,0.2,0.2,1470.075797406345,604.8751444550277,365873.94037949067,nuc
120,120,45,1646,1719,77,85.7213740190619,86.55877731808418,28,38,55,66,101,135,0.0,0.1304347826086956,0.3478260869565217,0.6956521739130435,1045.9343947198754,507.98069179160376,258044.38323307637,nuc
121,121,52,2183,2333,104,19.61663548673257,78.65278381036929,80,85,100,120,157,177,0.0,0.0,0.074074074074074,0.2592592592592592,1515.8365409728274,716.1708836045419,512900.7345229103,nuc
122,122,51,1928,1810,8,158.03807562940293,160.2104877886772,71,71,97,101,148,167,0.0,0.0,0.125,0.2916666666666667,1172.086574250401,592.4435672424448,350989.3803669532,cyto
123,123,38,1563,2485,36,140.9746088035531,142.90963267154922,30,42,75,102,136,164,0.0,0.0555555555555555,0.1666666666666666,0.3333333333333333,1364.7950407060605,670.5967936044151,449700.0595925225,nuc
124,124,54,2084,254,45,216.57129202392184,103.5159653960617,51,51,61,82,218,241,0.0,0.0,0.2272727272727272,0.2727272727272727,1673.3907326033027,650.9293145040737,423708.9724807432,nuc
125,125,55,2313,2243,18,228.5821381481594,238.44590329087288,39,41,60,78,150,183,0.0,0.0666666666666666,0.2666666666666666,0.2666666666666666,1551.0010698069802,718.0991295765007,515666.3598985279,nuc
126,126,42,1831,2259,34,95.41202620729202,97.7075257178358,29,29,41,83,100,151,0.0,0.1,0.2,0.5,1303.3090952781715,662.5770510453973,439008.3485720151,nuc
127,127,55,2044,1913,38,197.2635933715388,187.7579256420207,24,89,106,119,156,201,0.0,0.0666666666666666,0.0666666666666666,0.2666666666666666,1259.4199133243178,633.5416830319666,401375.06413897686,nuc
128,128,62,2619,1649,31,292.9537433799088,258.56178452410563,30,51,51,98,122,188,0.0,0.0769230769230769,0.2307692307692307,0.4615384615384615,1610.8002540769553,689.2551766879029,475072.6985910723,nuc
129,129,45,1891,1717,10,160.9846443159652,159.36724660833062,38,57,59,70,101,134,0.0,0.0869565217391304,0.2608695652173913,0.6956521739130435,1136.815561022182,566.7909637065329,321251.9965393803,nuc
130,130,61,2456,1611,3,125.4151436804034,117.42763555807076,31,52,81,93,114,138,0.0,0.0714285714285714,0.1428571428571428,0.6428571428571429,1478.0717112566858,666.6967167458067,444484.5121196385,cyto
131,131,4,161,2387,22,118.0293947131836,88.91679541789586,38,61,121,190,214,237,0.0,0.0588235294117647,0.1176470588235294,0.1176470588235294,1626.879091141276,714.7763873773954,510905.2839522805,nuc
132,132,29,1165,1887,55,72.80532973483314,67.42693621921477,25,34,34,39,96,102,0.0,0.2727272727272727,0.3636363636363636,0.9090909090909092,1033.5922332268567,491.0723808491485,241152.08323285115,nuc
133,133,5,347,1376,103,139.70020050629358,164.38541891152792,39,82,86,103,120,151,0.0,0.0571428571428571,0.0857142857142857,0.5142857142857142,1244.088297089629,585.3647173212429,342651.85228457866,nuc
134,134,61,2593,1606,17,141.97308002965644,146.70750267492863,26,37,51,53,87,180,0.0,0.1428571428571428,0.4285714285714285,0.5714285714285714,1585.4914705615895,684.0802240435567,467965.75292748265,nuc
135,135,32,1187,2024,10,180.04039397168452,182.0163237028262,27,32,32,66,79,108,0.0,0.1538461538461538,0.5384615384615384,1.0,1078.9726533822386,534.2121521312637,285382.6234847164,cyto
136,136,60,2505,1266,93,202.764072434478,212.6949626616989,111,116,120,143,206,289,0.0,0.0,0.0416666666666666,0.1666666666666666,1525.4089638393923,650.1884639967376,422745.0387144369,nuc
137,137,3,72,513,33,250.5540762492938,252.99764227082613,41,48,48,72,96,134,0.0,0.0,0.3684210526315789,0.631578947368421,1679.0189944071958,695.4744257224546,483684.6768339781,cyto
138,138,23,829,2452,38,85.24501368003727,114.46224980444232,30,39,39,39,80,130,0.0,0.3333333333333333,0.5,0.6666666666666666,1367.7969300791003,653.9453636029234,427644.53857775975,nuc
139,139,20,830,484,75,150.36731832984384,123.09886640330342,40,41,48,49,103,174,0.0,0.0666666666666666,0.4666666666666667,0.6,1350.0385308689092,589.6049425775084,347633.9883118269,nuc
140,140,51,1871,1609,32,164.5243135490802,164.8177386553717,35,57,59,72,101,126,0.0,0.0833333333333333,0.2916666666666667,0.6666666666666666,1116.2998086171872,540.7021175399343,292358.779912169,nuc
141,141,26,815,1431,116,185.4391928617973,184.3329078314894,58,69,79,87,124,240,0.0,0.04,0.16,0.48,1041.0869201412945,438.1537131590359,191978.67635505067,nuc
142,142,30,1234,2624,71,140.20818059963972,150.2920783283755,13,13,13,26,71,93,0.1666666666666666,0.3333333333333333,0.5,1.0833333333333333,1435.920902270755,672.971172460414,452890.1989627443,cyto
143,143,55,2219,2165,66,110.33773389357373,119.19493057119092,64,74,85,123,149,177,0.0,0.0,0.1333333333333333,0.2,1455.2272317434945,699.3840181508185,489138.0048447845,nuc
144,144,35,1504,652,97,118.49332622414998,113.00771574354532,121,121,121,121,121,138,0.0,0.0,0.0,0.0,1241.1005793621748,498.9280774321229,248929.2264501144,nuc
145,145,60,2553,1157,184,179.27818444410025,202.44831182346977,43,60,76,98,214,300,0.0,0.0416666666666666,0.1666666666666666,0.2916666666666667,1579.1442178483503,655.295944999906,429412.77553332,nuc
146,146,54,2230,110,174,69.55872265995984,115.4667703619398,33,36,70,82,150,266,0.0,0.1363636363636363,0.2272727272727272,0.4090909090909091,1842.7606900936253,678.088678459119,459804.25585443457,nuc
147,147,3,42,486,43,231.01513523624448,231.8327642169001,34,37,41,49,102,146,0.0,0.1052631578947368,0.3684210526315789,0.6842105263157895,1712.2061411645248,701.7122697032108,492400.1094520317,cyto
148,148,20,870,491,51,174.77773835863573,153.94984315329015,20,28,41,42,90,172,0.0666666666666666,0.1333333333333333,0.3333333333333333,0.5333333333333333,1337.0225912677108,581.9279035745371,338640.0849586558,nuc
149,149,23,807,2433,9,111.29212967549554,136.5210558301808,30,52,52,64,126,171,0.0,0.0833333333333333,0.4166666666666667,0.4166666666666667,1361.1446244960086,652.5138193241813,425774.2844090304,cyto
150,150,54,2246,78,207,87.87933405136994,145.26919530524572,32,36,43,60,176,295,0.0,0.1363636363636363,0.2727272727272727,0.3636363636363636,1873.366865441539,681.3494699895388,464237.1002550253,nuc
151,151,9,569,2472,125,144.83340765807685,172.35935000027806,40,72,99,125,218,260,0.0,0.0625,0.125,0.21875,1465.8758220002182,684.7253475936042,468848.8016371821,nuc
152,152,50,1869,2434,5,124.03554518705864,124.64345264670558,28,28,28,52,76,108,0.0,0.2,0.6,1.2,1422.281684438479,693.4480987448629,480870.2656528651,nuc
153,153,40,1641,1511,35,225.29705626038984,201.2104129622525,51,54,74,78,136,186,0.0434782608695652,0.0434782608695652,0.2608695652173913,0.4347826086956521,1031.6844372817404,456.9922002386268,208841.87107894116,nuc
154,154,6,300,1906,27,142.08115132780608,96.1356408881536,29,33,51,54,97,151,0.0,0.1,0.4,0.6666666666666666,1328.92054171191,654.1462009989892,427907.25228141,nuc
155,155,38,1695,2430,4,220.2442734634093,220.5604832903984,22,27,61,83,138,185,0.0,0.1111111111111111,0.2222222222222222,0.3888888888888889,1359.9922385638056,674.4740190683543,454915.20239821874,nuc
156,156,52,2252,2473,5,139.13778675983272,198.14090961217508,35,59,72,92,157,245,0.0,0.074074074074074,0.2222222222222222,0.4074074074074074,1637.3707704758006,732.7275983873542,536889.7334384997,cyto
157,157,39,1380,2561,12,181.8968960958512,193.693454814618,26,26,33,40,53,85,0.0,0.3,0.7,1.3,1392.9835667992463,670.8553210633356,450046.8617989911,nuc
158,158,26,851,1328,85,165.4334892146756,168.74165412170242,48,78,95,107,142,260,0.0,0.04,0.12,0.32,1040.3594451417182,419.80820057476734,176238.9252698241,nuc
159,159,38,1402,2501,41,155.48102491499415,157.9687418049202,26,37,52,64,123,147,0.0,0.1111111111111111,0.3333333333333333,0.4444444444444444,1351.8403671731476,662.0695787923577,438336.12716229,nuc
160,160,17,861,1178,53,186.10753809115693,238.06157088239263,22,22,105,129,151,176,0.0,0.1111111111111111,0.1111111111111111,0.2222222222222222,1063.5335071121183,418.0871562681632,174796.87023639947,cyto
161,161,62,2590,1642,19,290.33792203812294,251.83365395102985,30,37,37,73,97,183,0.0,0.1538461538461538,0.3076923076923077,0.6153846153846154,1586.2801573655952,686.2075120245345,470880.7495589017,nuc
162,162,55,2237,2226,17,172.92948648424243,181.16109564135172,19,39,64,78,153,178,0.0666666666666666,0.1333333333333333,0.2666666666666666,0.4,1494.1087869564285,709.32399649862,503140.53200877423,nuc
163,163,31,1269,664,45,291.12285672826994,337.05060253693574,53,72,107,137,190,219,0.0,0.04,0.12,0.16,1207.8113940089863,489.4255283796696,239537.34782971875,cyto
164,164,44,1837,299,48,168.34142979930368,129.0506256076312,32,75,77,84,137,193,0.0,0.0666666666666666,0.2,0.4666666666666667,1542.8216565286543,615.9371339308487,379378.55295494833,nuc
165,165,52,2185,2471,41,127.41826836836324,153.24789635804174,40,42,68,82,140,251,0.0,0.074074074074074,0.2222222222222222,0.3703703703703703,1597.2355411054152,728.2476148061595,530344.5884708605,nuc
166,166,30,1259,2621,47,149.73190767667802,160.03650380323757,26,27,27,37,65,79,0.0,0.3333333333333333,0.75,0.9166666666666666,1433.3357232248277,673.6863279553529,453853.26847396727,cyto
167,167,31,1052,554,22,221.56445261317347,259.85497657179087,31,34,37,123,188,207,0.0,0.16,0.2,0.24,1273.0313661015748,539.7503502140136,291330.4405561503,cyto
168,168,33,1433,770,29,169.8731826535089,176.17704995155142,20,32,33,56,97,195,0.0526315789473684,0.1578947368421052,0.3157894736842105,0.5263157894736842,1170.336056950832,463.5368869801824,214866.4455912784,cyto
169,169,24,1176,1551,2,319.2671808410892,313.34717940124204,31,50,55,75,133,188,0.0,0.0714285714285714,0.3571428571428571,0.4285714285714285,981.6763603239232,392.1217897574843,153759.4980026127,cyto
170,170,38,1663,2502,3,223.6573756058004,224.8798507259424,46,55,79,85,125,183,0.0,0.0,0.1666666666666666,0.4444444444444444,1399.9803487816112,681.5581550845278,464521.5187622252,nuc
171,171,14,380,1693,36,168.5897798330073,162.7482175726403,21,23,56,88,192,207,0.0344827586206896,0.1379310344827586,0.2413793103448276,0.2758620689655172,1237.10086768885,604.3804609515925,365275.74158005934,nuc
172,172,40,1652,1525,21,240.8927137435589,215.28164835921592,45,71,73,95,130,173,0.0434782608695652,0.0434782608695652,0.1739130434782608,0.4347826086956521,1034.6021115575368,462.84926437020846,214229.44152804316,nuc
173,173,54,2092,52,192,215.5827968990245,112.3028003747482,93,109,127,144,176,249,0.0,0.0,0.0454545454545454,0.1363636363636363,1818.195803577272,671.2895159698797,450629.61425107537,nuc
174,174,33,1383,815,88,102.77489998315065,110.3054072963708,30,40,49,68,102,190,0.0,0.1052631578947368,0.3157894736842105,0.5789473684210527,1144.0778332479476,447.3971555110222,200164.21475935375,nuc
175,175,8,15,777,13,268.4049977118084,336.6967184763275,25,28,30,45,186,255,0.0,0.2142857142857142,0.4285714285714285,0.4285714285714285,1604.4454954514033,668.0864236172456,446339.4694216817,cyto
176,176,3,73,121,6,149.33378364077734,143.1605576481128,36,41,78,106,233,274,0.0,0.0526315789473684,0.1578947368421052,0.2631578947368421,1910.0184509782916,728.2777611832304,530388.4974340583,nuc
177,177,6,331,2029,22,243.86838525425625,167.63202202426547,32,34,38,57,81,104,0.0,0.2,0.4666666666666667,0.8666666666666667,1350.3460599014384,666.7390508065467,444540.9618704149,cyto
178,178,8,13,753,14,258.77697510197504,325.9327963800177,25,27,36,36,175,248,0.0,0.2857142857142857,0.4285714285714285,0.4285714285714285,1614.7073491353065,671.1315839370178,450417.60295781033,cyto
179,179,42,1720,2439,10,198.25128982489844,204.4011484923178,27,27,35,48,100,126,0.0,0.2,0.3,0.6,1373.3539334265802,678.3417520807928,460147.5326160399,cyto
180,180,43,1734,1933,104,26.69122350477105,26.652492980388622,55,78,81,88,119,146,0.0,0.0,0.1304347826086956,0.5217391304347826,1124.2900731811528,579.477677085451,335794.37824035017,nuc
181,181,5,250,1624,6,211.77954602639545,251.50568297468973,132,133,148,165,212,235,0.0,0.0,0.0,0.0285714285714285,1309.1673948441355,624.4665428132221,389958.4630930978,cyto
182,182,39,1323,2595,5,238.53390255465547,250.940593487977,29,29,30,33,59,68,0.0,0.3,1.1,1.7,1414.7840850624195,673.1166145771058,453085.976819744,cyto
183,183,48,1814,940,70,47.75064153603524,80.62667472544595,46,71,71,84,118,136,0.0,0.0,0.1818181818181818,0.5454545454545454,1199.526776599277,495.9239172592679,245940.5317097772,nuc
184,184,52,1975,2477,12,260.3270561428228,188.31493518149145,63,65,111,123,210,252,0.0,0.037037037037037,0.1111111111111111,0.2222222222222222,1495.0075371736846,709.0592726287535,502765.052100817,nuc
185,185,60,2457,869,34,248.13236490877293,266.6409521061245,69,88,98,117,205,246,0.0,0.0,0.0833333333333333,0.2916666666666667,1583.038319390784,645.232569783158,416325.0691089779,cyto
186,186,34,1539,1901,11,154.77741679175506,154.83747381290675,40,62,74,82,104,145,0.0,0.0526315789473684,0.2105263157894736,0.5789473684210527,1061.091448265764,534.3327158302634,285511.451206545,nuc
187,187,21,941,654,128,107.01956539162823,140.9748416863363,19,75,103,111,135,162,0.0714285714285714,0.0714285714285714,0.1428571428571428,0.2857142857142857,1234.2252652884597,524.0831824240867,274663.1820997585,nuc
188,188,24,987,1624,67,127.35302481214084,129.32762632458616,29,36,74,77,130,203,0.0,0.1428571428571428,0.2857142857142857,0.3571428571428571,1007.0050126186426,427.69875058023575,182926.2212478947,nuc
189,189,30,1221,2624,83,135.3613106878891,145.22332897975178,13,13,13,39,76,100,0.1666666666666666,0.25,0.5,1.0,1436.2437068376896,672.3886601557463,452106.5103060397,cyto
190,190,26,748,1353,19,255.332552796151,256.71656353812114,62,70,94,110,168,209,0.0,0.0,0.12,0.32,1066.7828526605513,453.0006123285328,205209.5547700257,cyto
191,191,21,938,902,73,168.60134002153998,229.8802917294581,52,106,128,149,172,179,0.0,0.0,0.0714285714285714,0.1428571428571428,1127.3117851370052,449.7917168458159,202312.58854310663,cyto
192,192,51,1946,1595,47,112.67652377180949,112.08444861985652,39,43,46,62,101,134,0.0,0.0833333333333333,0.4166666666666667,0.625,1150.8595794778523,557.4851532071059,310789.6960463503,nuc
193,193,5,331,1481,39,134.97567972051647,178.4859217040619,59,60,66,97,162,189,0.0,0.0,0.2285714285714285,0.3142857142857143,1250.1879674933095,595.4632734293165,354576.5100031569,cyto
194,194,62,2522,2020,160,99.00979194077853,150.1175699486152,17,44,44,121,188,203,0.0769230769230769,0.0769230769230769,0.1538461538461538,0.2307692307692307,1612.2971106270925,711.8729454059359,506763.0904009226,nuc
195,195,14,687,1593,56,161.72561874581365,160.21967108180672,57,65,96,155,187,241,0.0,0.0,0.1379310344827586,0.1724137931034483,1084.254360744562,498.542179351472,248544.30459251523,cyto
196,196,20,874,450,83,144.6249336545197,131.50084128540666,24,31,42,50,92,164,0.0,0.1333333333333333,0.3333333333333333,0.7333333333333333,1360.9134389300789,592.0570647247972,350531.56789054273,nuc
197,197,60,2522,1106,158,140.6677090248372,167.3695929702375,33,45,60,94,246,300,0.0,0.0833333333333333,0.1666666666666666,0.2916666666666667,1565.2308880296148,650.5737600141312,423246.2172189244,nuc
198,198,55,2275,2228,26,193.51568712621415,202.8648315394136,21,39,41,80,153,181,0.0,0.1333333333333333,0.2666666666666666,0.3333333333333333,1519.1078206997606,713.3190954196346,508824.13189028576,nuc
199,199,56,2079,1523,27,120.68747386100392,121.40148811253006,112,112,117,121,130,150,0.0,0.0,0.0,0.2222222222222222,1221.1482529807122,577.8214811652393,333877.664095991,nuc
200,200,33,1481,836,62,184.83895115398423,173.69372335463308,22,27,40,54,101,186,0.0,0.1578947368421052,0.3684210526315789,0.5789473684210527,1148.471184231382,451.0918961755822,203483.8987952822,cyto
201,201,31,1070,529,53,190.8344870706408,229.09454115358037,33,33,33,120,182,204,0.0,0.16,0.24,0.28,1285.9762848425796,544.7628273500565,296766.5380624274,nuc
202,202,32,1304,2089,8,137.54797346777616,139.0463117008599,19,19,19,60,71,87,0.1538461538461538,0.2307692307692307,0.5384615384615384,1.0,1105.0088339527542,558.7971960940953,312254.3063626228,nuc
203,203,57,2421,758,55,136.3545255757399,163.01603399749257,37,51,109,109,184,207,0.0,0.0666666666666666,0.1333333333333333,0.3333333333333333,1599.4257559435798,644.6101128830736,415522.1976311289,nuc
204,204,49,1897,576,15,172.81461184891938,157.45038948966172,27,27,117,144,178,217,0.0,0.1,0.1,0.2,1397.5984847447055,573.511908382766,328915.9090568422,nuc
205,205,53,2121,597,10,167.33617972098634,156.0654962660349,30,30,30,39,56,178,0.0,0.4,0.6,0.6,1490.6063093304117,610.4497263028297,372648.8683431998,nuc
206,206,11,357,1941,10,109.345844144064,125.95759433061932,18,18,39,39,50,60,0.125,0.25,1.375,2.375,1305.7394733972033,648.0219298158511,419932.4215222598,cyto
207,207,52,2151,2473,62,137.30928915669932,140.38102430543066,38,72,76,101,137,229,0.0,0.074074074074074,0.1851851851851851,0.4074074074074074,1579.7176750256128,725.5975219934259,526491.7639230002,nuc
208,208,29,1173,1791,74,31.03737239080908,35.714260932842826,39,42,42,68,124,139,0.0,0.0909090909090909,0.2727272727272727,0.4545454545454545,1009.6234519974488,459.9602023377803,211563.38773461175,nuc
209,209,53,1897,347,29,275.94455355719685,222.16174350763671,53,53,53,77,84,90,0.0,0.0,0.4,0.8,1533.1107523093424,615.2032627737083,378475.0545274163,cyto
210,210,9,389,2583,211,172.94570704958082,165.3849302500751,37,49,60,127,181,261,0.0,0.0625,0.15625,0.1875,1619.6953048191615,713.2232134401419,508687.3521898823,nuc
211,211,33,1475,857,71,175.43538171885928,160.47064584317116,22,31,44,67,97,167,0.0,0.1052631578947368,0.3157894736842105,0.5789473684210527,1138.742190281929,444.99225377900257,198018.1059233162,cyto
212,212,5,247,1378,157,50.60684208865453,64.39210627723817,57,60,72,85,130,196,0.0,0.0285714285714285,0.2,0.4,1306.3359489704508,609.1709406694443,371089.2349560957,nuc
213,213,52,2237,2416,64,81.10169700360214,152.33786703315124,40,51,73,76,172,214,0.037037037037037,0.074074074074074,0.2592592592592592,0.4444444444444444,1594.2833470691685,728.4252057628804,530603.2803906947,nuc
214,214,47,1723,1037,15,197.73597338178269,205.2868361623939,28,28,28,68,88,103,0.0,0.1666666666666666,0.3333333333333333,0.8333333333333334,1135.1824670918572,460.1461032345951,211734.4363219826,nuc
215,215,32,1184,2050,8,155.3921707515536,157.35423291003565,27,48,48,53,92,119,0.0,0.0769230769230769,0.4615384615384615,0.7692307692307693,1089.7931878101217,541.7646025150972,293508.88453834126,nuc
216,216,11,430,2100,1,207.24298939816248,215.14764719133936,23,23,42,42,81,92,0.0,0.125,0.375,1.0,1326.1769295901086,655.4633881842618,429632.25324999227,cyto
217,217,40,1586,1032,7,257.03399767327704,284.03720784248674,81,94,97,138,177,246,0.0,0.0,0.0434782608695652,0.1739130434782608,1098.3961837952747,426.95111785954697,182287.25704151677,cyto
218,218,52,2330,2425,22,153.83620253405542,240.6315636332669,92,94,103,126,186,265,0.0,0.037037037037037,0.037037037037037,0.2222222222222222,1657.4767841641958,733.8195604018308,538491.1472283362,nuc
219,219,37,1352,1427,56,149.85284593595875,178.40260201393872,46,81,81,136,166,183,0.0,0.0,0.0769230769230769,0.2307692307692307,986.5076410024872,376.7310489687648,141926.28325710585,cyto
220,220,26,785,1250,7,262.66245592423314,266.861643771164,103,105,110,150,188,231,0.0,0.0,0.0,0.24,1069.7555209921777,438.13692440516473,191963.96452721703,cyto
221,221,21,1055,769,33,175.23902360409693,250.43816776073083,39,45,49,70,107,148,0.0,0.0714285714285714,0.2857142857142857,0.5714285714285714,1163.667449022974,472.7019039615207,223447.09000884675,cyto
222,222,6,280,1857,34,108.59278082618648,97.37686020897604,31,35,53,93,128,176,0.0,0.1,0.2333333333333333,0.4666666666666667,1328.768485295779,649.8705066832515,422331.6754567461,nuc
223,223,33,1392,843,112,97.29541670930078,94.60235812500264,30,38,54,65,88,204,0.0,0.1052631578947368,0.2631578947368421,0.5789473684210527,1133.1503442035255,440.2485196608693,193818.75906358683,nuc
224,224,32,1246,2185,113,27.44299568747193,28.44857528259439,19,101,101,108,143,149,0.0769230769230769,0.0769230769230769,0.0769230769230769,0.4615384615384615,1151.3608350054012,581.0445316093314,337612.7477131074,nuc
225,225,45,1719,1631,84,74.45428949863418,78.23152113268738,73,95,97,111,142,156,0.0,0.0,0.0869565217391304,0.3478260869565217,1058.9054385554548,504.2535389222224,254271.6315155853,nuc
226,226,30,1255,2595,58,126.34822057893804,136.66872058405886,27,36,36,39,55,68,0.0,0.25,0.9166666666666666,1.1666666666666667,1413.5039945873268,670.1362964532206,449082.65582403867,nuc
227,227,29,1143,1762,64,54.13523563250026,59.49525266199018,42,75,75,80,127,156,0.0,0.0,0.2727272727272727,0.3636363636363636,1006.1245620303108,450.9204907116411,203329.2889436272,nuc
228,228,54,2257,107,178,56.87355427097302,141.44613276612642,32,47,50,86,174,277,0.0,0.0909090909090909,0.2272727272727272,0.4090909090909091,1858.9904778327816,679.9493498112749,462331.1183087756,nuc
229,229,19,686,1890,22,299.5098794868466,279.9622118680406,37,37,42,42,68,104,0.0,0.1,0.6,0.9,1139.0451799736693,556.521124944787,309715.7625098112,nuc
230,230,34,1266,1899,46,126.42132230839572,126.70573233151374,42,43,56,82,102,125,0.0,0.0,0.2105263157894736,0.7368421052631579,1033.5507744148033,498.6841944732167,248685.925817401,nuc
231,231,30,1230,2531,81,64.08374186859055,73.8681641142891,35,37,37,43,94,102,0.0,0.1666666666666666,0.4166666666666667,0.8333333333333334,1366.800498198183,658.7727839165932,433981.5808292184,nuc
232,232,9,531,2532,191,150.11531135444997,169.50711026640076,39,56,72,91,174,279,0.0,0.09375,0.15625,0.34375,1520.8750576821517,696.181847571914,484669.16488864366,nuc
233,233,52,1935,2397,61,269.1959373319217,178.86986062424816,76,83,91,100,188,238,0.0,0.0,0.074074074074074,0.2962962962962963,1426.3852002504054,696.4179393551675,484997.9462556977,nuc
234,234,36,1570,2120,15,132.8063791759799,133.01351433885702,39,39,50,85,118,142,0.0,0.1111111111111111,0.2222222222222222,0.5555555555555556,1152.5620155549752,595.879953051328,355072.91844845284,nuc
235,235,45,1782,1704,94,51.50643929486645,50.29481765057655,69,79,81,88,131,150,0.0,0.0,0.1304347826086956,0.4347826086956521,1089.1289837393044,537.1444206566526,288524.128642571,nuc
236,236,55,2329,2099,48,166.69938251625777,177.4981529941187,21,39,81,129,148,170,0.0,0.1333333333333333,0.1333333333333333,0.2,1499.6651338719723,703.6304171643437,495095.7639588684,nuc
237,237,61,2598,1552,68,109.64050308402896,118.10930817236265,36,46,55,63,100,159,0.0,0.0714285714285714,0.2857142857142857,0.5714285714285714,1586.4067217848224,680.5909084728576,463203.9846959096,nuc
238,238,21,937,672,142,90.0655237772678,131.00986332414,19,60,90,114,126,175,0.0714285714285714,0.0714285714285714,0.1428571428571428,0.3571428571428571,1225.9260452000667,519.2167462914484,269586.0296294783,nuc
239,239,57,2212,840,28,165.2609246027163,132.67553961009054,21,34,35,40,61,109,0.0,0.2666666666666666,0.5333333333333333,0.8,1431.4379887722498,605.5424435377938,366681.6509257223,nuc
240,240,30,1296,2556,32,133.91826765118478,143.24379692876158,29,41,41,48,63,72,0.0,0.0833333333333333,0.9166666666666666,1.5,1384.850927826244,666.1352797949255,443736.2109874637,nuc
241,241,42,1845,2113,19,167.72220900259794,163.6326984981881,48,48,67,67,100,125,0.0,0.0,0.3,0.6,1236.5631509035677,637.2810135809813,406127.0902708029,nuc
242,242,11,441,2080,10,186.21477349411964,193.51878811460463,23,23,52,52,88,105,0.0,0.125,0.25,1.0,1312.2136569329964,650.1542190670709,422700.5085707129,cyto
243,243,3,167,169,77,111.64300759847455,114.20479077549676,35,66,78,126,198,248,0.0,0.0526315789473684,0.1578947368421052,0.2105263157894736,1823.8235884659612,720.1887418447124,518671.8238798698,nuc
244,244,9,535,2493,164,125.7678989290968,149.7199960146843,40,64,91,118,188,271,0.03125,0.09375,0.125,0.25,1493.3271991151205,691.376032212358,478000.8179177036,nuc
245,245,37,1523,1492,51,136.35281946661368,126.05626116222132,28,49,49,67,119,145,0.0,0.0769230769230769,0.3846153846153846,0.6153846153846154,1005.0695266805576,421.9987969916018,178082.98466235914,nuc
246,246,58,2322,1952,5,204.0127343914893,204.79132031616007,58,58,58,60,71,99,0.0,0.0,0.5,0.8333333333333334,1444.4586801928383,684.610197436169,468691.1224335902,nuc
247,247,9,548,2497,157,138.59435695998633,163.012350884504,33,66,80,107,195,258,0.03125,0.09375,0.15625,0.25,1490.5920842740525,690.3955984738795,476646.08239210624,nuc
248,248,37,1545,1509,39,147.97942092244654,131.6420608619002,28,33,33,58,98,141,0.0,0.1538461538461538,0.3846153846153846,0.6153846153846154,1008.9069294287532,431.070327768775,185821.6274826791,nuc
249,249,34,1371,1744,4,123.5820752688813,122.89330039705816,42,80,83,100,167,191,0.0,0.0,0.1052631578947368,0.3157894736842105,1002.3409726102096,458.740096314513,210442.47596664864,nuc
250,250,23,1077,2330,2,214.07010622090124,175.38206628291113,49,97,97,105,181,210,0.0,0.0,0.0833333333333333,0.25,1244.1166957515409,615.0152860227707,378243.8020416705,cyto
251,251,32,1068,2282,19,175.41340671936868,174.6675090542716,49,110,110,145,168,193,0.0,0.0,0.0769230769230769,0.1538461538461538,1216.8143180466222,603.8798294406424,364670.84840525937,nuc
252,252,61,2449,1498,85,55.277259883877726,43.30978225287043,48,67,102,114,122,155,0.0,0.0,0.1428571428571428,0.3571428571428571,1468.199610870795,655.4273099803515,429584.9586680798,nuc
253,253,9,590,2595,132,236.3261166795425,255.61974730277203,45,64,87,107,219,300,0.0,0.03125,0.125,0.28125,1541.5262596107057,695.8847402305962,484255.5716858044,nuc
254,254,30,1201,2512,103,29.416088388945244,39.25102393275458,35,72,72,77,114,136,0.0,0.0833333333333333,0.25,0.5833333333333334,1354.2449220418002,654.1027125786001,427850.3586026827,nuc
255,255,6,260,1834,51,88.36143199578085,101.19716869477396,31,51,53,106,147,186,0.0,0.0666666666666666,0.1666666666666666,0.3,1336.2270422645,649.7277546034687,422146.1551020653,nuc
256,256,40,1596,1482,21,194.3874979597433,179.021405801027,26,54,58,74,150,195,0.0,0.0869565217391304,0.2608695652173913,0.391304347826087,1020.8858894575573,439.0182680519228,192737.03968331,nuc
257,257,57,2465,782,12,186.42601891152327,211.9540888824888,51,62,65,88,200,233,0.0,0.0,0.2,0.3333333333333333,1620.742216597322,649.2287815729954,421498.01082275616,cyto
258,258,6,170,2043,42,199.0892844390667,128.99783010725528,32,54,70,91,129,155,0.0,0.0666666666666666,0.2,0.4,1458.2445589260603,689.2621193803723,475082.26921272255,nuc
259,259,6,91,1998,14,174.16315154174092,138.59986444724325,52,77,91,116,201,214,0.0,0.0333333333333333,0.1333333333333333,0.2666666666666666,1498.941741883454,690.2476486283465,476441.8164369613,nuc
260,260,45,1839,1689,38,109.61358720403145,108.82288386176565,59,60,60,68,120,142,0.0,0.0434782608695652,0.3043478260869565,0.5217391304347826,1109.9721201005702,548.4222890200256,300767.00709396444,nuc
261,261,50,1844,2422,1,145.2188041880269,146.14693166984904,28,28,28,80,95,99,0.0,0.2,0.4,1.0,1404.885262194691,689.1989051676097,474995.130884232,cyto
262,262,40,1820,1310,51,212.42733987630928,174.94598965837346,56,74,78,100,172,232,0.0,0.0434782608695652,0.1739130434782608,0.3043478260869565,1108.9110123913918,481.6362261032988,231973.454295028,nuc
263,263,5,266,1210,22,212.20535740750915,190.80065590116277,81,89,107,132,185,220,0.0,0.0,0.0285714285714285,0.2285714285714285,1315.1520426035422,598.7313445814654,358479.22298432945,cyto
264,264,48,1867,987,16,62.40786164156883,70.0949723039502,33,71,71,71,129,153,0.0,0.0909090909090909,0.2727272727272727,0.3636363636363636,1204.4895695885325,504.0293511910335,254045.58686205425,nuc
265,265,4,268,2111,35,227.59735650798024,251.135829229624,16,22,33,39,76,97,0.0588235294117647,0.2941176470588235,0.5294117647058824,1.0,1421.083783969875,685.8726889460789,470421.3454421247,cyto
266,266,6,354,2000,6,239.60849207505785,169.95806861002626,24,35,38,60,86,119,0.0333333333333333,0.1666666666666666,0.4666666666666667,0.8,1326.776837043625,658.0359701118218,433011.3379610064,cyto
267,267,45,1562,1739,6,171.98003642380485,172.65379465488195,27,28,35,57,101,135,0.0,0.1739130434782608,0.3478260869565217,0.6956521739130435,1028.288331482548,493.95575223773807,243992.2851687497,cyto
268,268,36,1469,2021,64,42.87406491682789,42.45793754155096,40,40,46,100,106,127,0.0,0.1111111111111111,0.2222222222222222,0.6666666666666666,1090.9933469569671,556.2480063288702,309411.84454484284,nuc
269,269,6,294,1874,25,125.46109156748462,99.87668939046604,33,36,53,76,117,178,0.0,0.1,0.3,0.5,1324.209899562324,650.0288323979505,422537.48294864286,nuc
270,270,48,1898,997,7,81.66116163024478,75.48034676552494,33,40,40,94,154,183,0.0,0.1818181818181818,0.1818181818181818,0.4545454545454545,1214.440037306413,511.28228726721176,261409.5772731916,nuc
271,271,44,1786,47,115,162.47315118862537,161.2317611949369,35,63,97,118,258,296,0.0,0.0666666666666666,0.1333333333333333,0.2666666666666666,1709.0957997990913,645.5571267278773,416744.0038691527,nuc
272,272,18,622,582,57,25.033170970373774,32.101467658693494,19,30,30,38,43,68,0.0769230769230769,0.3076923076923077,0.8461538461538461,0.9230769230769232,1358.220355380627,599.5941712935596,359513.1702492105,nuc
273,273,61,2573,1590,35,117.11399180032416,121.39577075256928,26,29,43,46,75,155,0.0,0.1428571428571428,0.5,0.6428571428571429,1568.0853552017534,680.8748462948353,463590.5563170155,nuc
274,274,9,512,2552,214,155.83254468377487,171.04471399307437,47,66,73,90,149,300,0.0,0.03125,0.21875,0.34375,1542.398641474997,700.0818576352116,490114.6073899686,nuc
275,275,26,738,1392,30,260.5874128152403,260.8488540443523,37,41,54,130,164,216,0.0,0.08,0.16,0.24,1066.510512611523,458.9887152643514,210670.6407400199,cyto
276,276,10,529,153,75,79.25370131868844,93.522824232452,32,80,80,81,138,161,0.0,0.0909090909090909,0.1818181818181818,0.3636363636363636,1663.603135696727,690.463006639938,476739.1635382631,cyto
277,277,4,277,2092,26,247.75918138362536,271.7333653139987,14,22,37,40,52,79,0.0588235294117647,0.2941176470588235,0.7647058823529411,1.3529411764705883,1407.4661897419812,682.8588344797029,466296.1878269782,cyto
278,278,54,2134,251,37,171.34299473596934,92.20945824178932,51,61,72,105,204,243,0.0,0.0454545454545454,0.1818181818181818,0.2727272727272727,1699.4300584141126,656.27446210854,430696.1696158535,nuc
279,279,48,2191,866,6,336.86406738299627,303.62945781398264,18,34,34,40,52,76,0.0909090909090909,0.2727272727272727,1.0,1.181818181818182,1409.1923620583916,599.0093740500629,358812.2301998481,cyto
280,280,32,1216,2013,10,187.49296835107756,189.4774458654092,32,37,37,49,70,95,0.0,0.1538461538461538,0.6923076923076923,1.0,1073.2597761656525,531.9868256888614,283009.9827065109,cyto
281,281,32,1236,2043,30,157.8680667066482,159.8255853545416,27,36,36,53,68,84,0.0,0.2307692307692307,0.6153846153846154,1.0,1084.73809957537,541.7961102873938,293543.02512254985,nuc
282,282,52,2249,2378,94,60.26910313696983,149.0969356566708,40,78,89,94,150,216,0.0,0.074074074074074,0.1481481481481481,0.3703703703703703,1579.9231404777124,726.1567003726366,527303.5534960751,nuc
283,283,25,1097,2176,4,167.83579010719615,168.45407283277885,110,116,116,121,154,164,0.0,0.0,0.0,0.1818181818181818,1155.931350809662,576.1911770477543,331996.27250767656,nuc
284,284,6,302,1974,52,183.7627732962264,111.873549062616,19,30,42,50,79,112,0.0666666666666666,0.1333333333333333,0.5,0.8333333333333334,1348.1343639116203,664.3890006229567,441412.7441487712,nuc
285,285,40,1357,1262,61,253.0541504123011,291.9981345039153,136,136,138,138,238,295,0.0,0.0434782608695652,0.0434782608695652,0.0434782608695652,1007.080978422066,363.6557534836284,132245.50704174553,cyto
286,286,34,1332,1757,17,122.95350877115064,122.36950429107728,42,55,62,123,157,190,0.0,0.0,0.1578947368421052,0.2105263157894736,1002.15639888243,457.9901790070847,209755.0040669415,nuc
287,287,40,1652,1413,99,132.2562106049033,103.4031196361818,85,89,96,101,152,219,0.0,0.0,0.0434782608695652,0.391304347826087,1039.88653156057,442.4799233858097,195788.482599512,nuc
288,288,5,382,1452,25,172.906908171673,211.3362548937652,50,59,67,89,153,178,0.0,0.0285714285714285,0.2,0.4571428571428571,1220.49467668552,580.2025308678218,336634.9768254257,cyto
289,289,40,1874,1322,21,267.45428727556543,229.2691146000438,27,56,94,115,176,255,0.0434782608695652,0.0869565217391304,0.1304347826086956,0.2608695652173913,1129.8392281213214,498.6349228849769,248636.78632050683,nuc
290,290,6,260,1885,60,96.9361264714279,64.77834780862122,36,41,46,65,113,161,0.0,0.0666666666666666,0.3,0.5333333333333333,1348.4497592861608,657.7362763037094,432617.00916586944,nuc
291,291,57,2232,835,41,151.26657512887712,121.49096489324673,21,25,27,42,62,128,0.0,0.2,0.5333333333333333,0.7333333333333333,1445.392228989833,610.0280717692995,372134.2483465696,nuc
292,292,44,1760,330,78,149.13749392403304,126.36447854496124,20,37,54,64,112,186,0.0666666666666666,0.1333333333333333,0.3333333333333333,0.5333333333333333,1497.1110222592963,601.2887589857191,361548.1716825862,nuc
293,293,61,2617,1462,71,117.5829839016711,130.17485076164846,92,99,103,104,146,183,0.0,0.0,0.0,0.2857142857142857,1600.756144851344,675.9485236471673,456906.4066207851,cyto
294,294,37,1450,1585,142,45.82176617664076,13.251777698076989,44,71,71,119,155,171,0.0,0.0,0.1538461538461538,0.3076923076923077,994.1607975740408,426.6030116126792,181990.12951700768,nuc
295,295,6,269,1949,74,142.87033883034044,71.04182968635838,29,42,49,69,89,120,0.0,0.0666666666666666,0.4333333333333333,0.7666666666666667,1360.7084071268089,666.0624830011323,443639.2312616336,nuc
296,296,61,2529,1407,46,91.63755747463148,99.35151943898562,85,89,104,122,147,187,0.0,0.0,0.0,0.2142857142857142,1531.7413302553118,661.1330870708591,437096.9588198441,nuc
297,297,57,2401,789,58,136.74532910693833,155.32629227267665,37,65,74,96,151,193,0.0,0.0666666666666666,0.2,0.4,1573.1883712754195,640.6892823535981,410482.75652276847,nuc
298,298,60,2504,995,92,164.97315546615013,191.5971425180804,80,105,113,136,190,271,0.0416666666666666,0.0416666666666666,0.0833333333333333,0.1666666666666666,1578.6658414741842,648.4449281066279,420480.82478720986,nuc
299,299,47,1873,1200,71,72.24048060882453,73.5192551981689,22,22,22,30,41,123,0.0,0.3333333333333333,0.5,0.6666666666666666,1150.2164493316625,493.5186464568759,243560.65440062687,nuc
300,300,26,1146,1366,103,152.27192077035392,154.36642445665356,86,100,128,185,224,250,0.0,0.0,0.04,0.12,990.799152218107,362.8054625645569,131627.8036666821,nuc
301,301,31,1001,327,67,199.89631483678,192.08540032769577,61,66,77,131,177,209,0.0,0.04,0.16,0.24,1421.370552001912,604.2228688300772,365085.2752172487,cyto
302,302,51,1928,1624,73,107.2986940808924,107.36976666111649,35,35,43,59,80,113,0.0,0.125,0.5,0.75,1143.7352796499383,558.4424080574147,311857.9231169641,nuc
303,303,31,1057,590,1,247.6181841641228,288.37049794398644,37,59,63,98,167,206,0.0,0.08,0.24,0.32,1252.4128547922603,528.5406249158372,279355.19218642364,cyto
304,304,39,1729,2619,24,172.68630574645573,161.8481149444272,82,82,135,139,168,205,0.0,0.0,0.0,0.1,1503.701066833306,698.6222437662659,488073.03948501183,nuc
305,305,1,169,1191,47,154.1419669079338,118.50934443582376,50,50,50,82,99,135,0.0,0.0,0.2,0.6,1382.8733815195767,618.0300724800754,381961.17048972734,cyto
306,306,28,1400,125,13,216.61020253381,250.5028671772427,97,97,97,103,129,238,0.0,0.0,0.0,0.3333333333333333,1571.5073232188447,615.6822116061985,379064.5856882997,cyto
307,307,22,842,159,13,96.52574305852146,113.22649182751562,55,71,71,96,134,166,0.0,0.0,0.1818181818181818,0.3636363636363636,1567.2272086797252,655.4231857196002,429579.5523788295,cyto
308,308,20,898,407,47,137.49156306882463,138.6542522288764,50,59,64,69,103,131,0.0,0.0,0.4,0.6666666666666666,1383.3110383338171,599.2591264038142,359111.5005782626,cyto
309,309,29,1120,1833,71,37.94058632522356,35.30619955199996,65,68,68,71,85,104,0.0,0.0,0.4545454545454545,0.9090909090909092,1023.2953583933815,473.9223243731846,224602.369539282,nuc
310,310,61,2367,1558,22,150.88796111420348,138.35020613538427,35,60,95,102,132,181,0.0,0.0714285714285714,0.1428571428571428,0.4285714285714285,1409.2448809108616,646.0541487125324,417385.963068675,nuc
311,311,22,735,23,93,76.90817170036559,82.69480472705871,43,44,44,64,84,95,0.0,0.0,0.4545454545454545,1.0909090909090908,1696.128036128765,685.8302137808711,470363.0821347154,nuc
312,312,44,1814,380,34,217.25007831330052,187.35615111230945,54,61,74,85,102,173,0.0,0.0,0.2,0.6666666666666666,1481.962107564,598.6522469003924,358384.51271888835,nuc
313,313,6,115,2001,36,167.16694206939286,121.70469129785938,49,70,78,101,179,195,0.0,0.0333333333333333,0.1666666666666666,0.3333333333333333,1482.4255479811052,689.0306657876131,474763.2583957214,nuc
314,314,26,730,1445,47,271.5795667988301,270.3991498633974,37,54,67,97,178,214,0.0,0.08,0.16,0.28,1066.324804405852,466.0901564295418,217240.03392051475,cyto
315,315,60,2535,1127,167,155.18869801130333,180.48886568383344,32,35,58,111,248,300,0.0,0.125,0.1666666666666666,0.2916666666666667,1570.8723472369345,652.5771559345233,425856.9444475912,nuc
316,316,24,686,1848,5,253.9382238277471,262.3938721286066,42,42,48,52,87,128,0.0,0.0,0.4285714285714285,0.7142857142857143,1127.4029183633425,547.4093394151885,299656.98487897305,cyto
317,317,9,396,2293,149,129.4641530427351,125.74463834818263,81,135,135,174,216,246,0.0,0.03125,0.03125,0.0625,1438.4130338673465,684.9950283205875,469218.18882392254,nuc
318,318,45,1650,1696,75,80.950615139164,82.7765504371988,26,58,64,78,112,144,0.0,0.0869565217391304,0.3043478260869565,0.6086956521739131,1044.0070868413045,502.8679506873983,252876.17582854364,nuc
319,319,54,2619,80,237,349.3005751911987,499.7815956981395,69,124,299,300,300,300,0.0454545454545454,0.0454545454545454,0.0909090909090909,0.0909090909090909,2093.475580626794,693.9567881143448,481576.0237699777,cyto
320,320,25,977,2164,72,106.282807973176,106.6142364398465,31,60,60,61,121,150,0.0,0.0909090909090909,0.4545454545454545,0.4545454545454545,1167.3023764100474,578.8202574266733,335032.8904074804,nuc
321,321,23,904,2540,134,73.1378953989428,104.31265405807214,43,76,76,96,116,201,0.0,0.0,0.1666666666666666,0.5,1411.3388057302864,662.1482217167354,438440.2675226349,nuc
322,322,48,2133,915,7,273.83090383215165,240.56713311585708,37,62,62,68,84,109,0.0,0.0909090909090909,0.4545454545454545,0.9090909090909092,1358.603702449883,580.901989134637,337447.1209805779,nuc
323,323,57,2269,861,13,164.65211661405763,143.56983455528396,25,29,37,43,80,121,0.0,0.2,0.5333333333333333,0.7333333333333333,1458.5320237159904,615.44124440917,378767.9253199077,nuc
324,324,21,1007,771,78,128.38413052264823,204.69119902176948,33,34,49,61,122,137,0.0,0.1428571428571428,0.3571428571428571,0.4285714285714285,1168.5068964189977,478.4469313848409,228911.4661515707,cyto
325,325,15,539,395,88,34.13069355467929,9.384111725356094,67,67,67,67,67,121,0.0,0.0,0.5,0.5,1498.133443776869,650.3751925564208,422987.89109280135,nuc
326,326,60,2127,1006,45,273.0367042232915,252.75176378592667,34,66,92,123,187,227,0.0416666666666666,0.0833333333333333,0.125,0.2083333333333333,1326.2280065826342,571.8478684628235,327009.9846654746,nuc
327,327,26,1218,1485,37,234.38550635056964,232.08654558046447,79,86,105,141,190,263,0.0,0.0,0.08,0.16,980.3024900462004,377.5494046860201,142543.5529787682,cyto
328,328,54,2039,295,19,275.49233340389026,161.04196910199155,73,103,105,130,203,268,0.0,0.0,0.0909090909090909,0.2272727272727272,1626.005826790702,640.3632476973642,410065.0890015158,nuc
329,329,49,1607,885,2,274.039690110712,317.24759423675124,118,118,122,134,136,149,0.0,0.0,0.0,0.1,1155.1800241442224,458.3230006917597,210059.9729630988,cyto
330,330,3,44,401,45,151.10107240839443,150.29890504975808,21,28,39,52,70,116,0.0,0.1578947368421052,0.5789473684210527,0.7894736842105263,1755.6365773898572,711.2637000475783,505896.0510053713,nuc
331,331,14,703,1640,22,179.68699653143292,167.2230187732376,50,50,78,161,208,231,0.0,0.0344827586206896,0.1724137931034483,0.1724137931034483,1082.8723382985088,501.32044113222247,251322.18469700616,cyto
332,332,38,1461,2514,19,147.1431945178716,149.81981553829803,61,68,72,94,109,143,0.0,0.0,0.1666666666666666,0.5555555555555556,1367.949333229369,667.7389388181855,445875.2904140364,nuc
333,333,34,1282,1973,47,150.44089758378442,151.0173928444112,33,39,63,75,93,117,0.0,0.1052631578947368,0.3684210526315789,0.8421052631578947,1057.648434763969,523.2088444367781,273747.49489686865,nuc
334,334,40,1891,1330,8,285.39118994087886,246.77155596449725,46,74,99,109,177,254,0.0434782608695652,0.0434782608695652,0.1304347826086956,0.2608695652173913,1136.375218787649,504.16043657130007,254177.7458037639,nuc
335,335,13,295,993,26,237.6599820503088,260.76520864064975,100,109,109,123,168,222,0.0,0.0,0.0,0.1666666666666666,1349.386309308266,597.618169229276,357147.4761929515,cyto
336,336,23,892,2581,146,115.49756823161565,146.88174405210532,43,109,109,131,149,242,0.0,0.0,0.0833333333333333,0.1666666666666666,1443.61452427986,668.3519520740679,446694.33184121706,nuc
337,337,14,516,1545,137,64.56597372951427,103.2035636182246,60,66,119,143,162,188,0.0,0.0344827586206896,0.1034482758620689,0.1724137931034483,1152.359422802807,547.3962312646976,299642.6340027942,nuc
338,338,40,1670,1170,40,132.99237749215357,142.03819324672148,128,144,154,171,217,243,0.0,0.0434782608695652,0.0434782608695652,0.0434782608695652,1083.5735141503428,434.2714758143033,188591.71470593303,nuc
339,339,23,932,2438,106,35.08963538410265,12.331190874771163,66,81,81,94,106,136,0.0,0.0,0.0833333333333333,0.5,1335.3443252066131,643.7132210623047,414366.7109704076,nuc
340,340,14,401,1498,21,167.05878892760686,200.44921919941143,26,36,72,113,134,168,0.0344827586206896,0.1034482758620689,0.2068965517241379,0.3448275862068966,1209.7770278368002,578.1778316726825,334289.6050377247,cyto
341,341,5,329,1359,127,129.02406377380677,148.0328636707236,53,63,81,89,128,156,0.0,0.0285714285714285,0.1428571428571428,0.3714285714285714,1256.1019254281307,589.2327308945287,347195.211157424,nuc
342,342,51,1959,1767,41,105.03332756282428,107.20610336792758,54,69,83,95,126,158,0.0,0.0,0.125,0.4166666666666667,1178.5074947892026,591.2856371512145,349618.70470131765,nuc
343,343,33,1065,895,24,236.37652401415124,257.9146977981624,77,92,127,137,166,239,0.0,0.0,0.0526315789473684,0.1052631578947368,1111.5531511208692,431.56454773223896,186247.958859332,cyto
344,344,40,1384,1251,89,227.74236730033337,267.6009325236742,135,136,145,167,252,289,0.0,0.0434782608695652,0.0434782608695652,0.0434782608695652,1011.4349874059418,367.20092869813055,134836.52203676954,nuc
345,345,43,1616,1929,67,127.08345609510988,125.46730710962358,10,22,23,56,103,125,0.0869565217391304,0.1739130434782608,0.391304347826087,0.6086956521739131,1087.0215795868946,556.5991142116179,309802.5739411577,nuc
346,346,38,1358,2548,11,218.94639244506985,221.37119241733825,26,29,33,58,85,114,0.0,0.1666666666666666,0.4444444444444444,0.7777777777777778,1381.78352594931,667.8384122719783,446008.14490595687,cyto
347,347,31,1231,533,62,154.763468872364,200.9910155759379,49,72,90,137,181,273,0.0,0.04,0.12,0.2,1279.322108148674,529.1403868174782,279989.5489613504,nuc
348,348,14,391,1680,51,152.6753800137376,148.76917893091758,20,36,48,88,183,208,0.0689655172413793,0.1379310344827586,0.2413793103448276,0.2758620689655172,1229.0622524297482,599.9186610462776,359902.3998715586,nuc
349,349,45,1680,1823,11,128.75413636088996,126.01011548374234,30,51,56,71,109,124,0.0,0.0869565217391304,0.2608695652173913,0.6956521739130435,1075.6931686479536,542.2352268826515,294019.0412724806,nuc
350,350,9,372,2602,200,196.1275002969755,186.56605031915203,30,46,49,144,197,285,0.0,0.09375,0.15625,0.15625,1641.0750092618994,715.546921879266,512007.3974108924,cyto
351,351,37,1452,1730,16,169.85348016222594,146.8239235970304,29,64,64,86,111,135,0.0,0.0769230769230769,0.1538461538461538,0.5384615384615384,1008.323526762817,467.88466659562994,218916.0612353038,nuc
352,352,25,1140,2069,35,162.46749588451712,163.02857135911276,48,66,66,95,116,139,0.0,0.0,0.1818181818181818,0.5454545454545454,1101.1983642026307,546.3623504377533,298511.8179758664,nuc
353,353,43,1626,1929,75,117.39244854976188,115.79041675462886,10,19,30,56,98,128,0.1304347826086956,0.1739130434782608,0.391304347826087,0.7391304347826086,1089.6265735007908,558.4815586863986,311901.65139278927,nuc
354,354,61,2486,1613,9,119.1790242993995,113.85336529831332,24,31,66,90,108,128,0.0,0.1428571428571428,0.2142857142857142,0.6428571428571429,1501.1402728963603,671.4420565401256,450834.4352908332,nuc
355,355,31,1081,570,32,217.91751782876264,259.68636863721,32,34,43,93,182,201,0.0,0.12,0.2,0.32,1261.5220582312295,531.827981202523,282841.0015899512,cyto
356,356,48,1731,935,71,128.7381699318259,162.07182370407102,38,70,70,84,121,139,0.0,0.0909090909090909,0.1818181818181818,0.4545454545454545,1171.8963124700504,476.2220090264802,226787.40188121705,nuc
357,357,33,1467,814,60,177.7000878558912,171.90881728441929,27,27,30,44,85,195,0.0,0.1578947368421052,0.4210526315789473,0.5263157894736842,1155.5644746920195,455.2870713103456,207286.3173023517,cyto
358,358,49,1739,797,62,115.51110996427036,159.83904850348534,24,24,58,84,139,163,0.0,0.1,0.2,0.3,1230.3699271657608,501.7728224473968,251775.96534682685,nuc
359,359,51,1988,1612,65,75.48048543848977,74.33628072852939,23,46,46,62,111,143,0.0416666666666666,0.0833333333333333,0.2916666666666667,0.625,1173.4147091677244,570.7970425574939,325809.2637923816,nuc
360,360,33,1422,821,80,133.43540151558113,131.6287288094323,27,35,35,39,61,188,0.0,0.3157894736842105,0.5789473684210527,0.631578947368421,1145.948078284171,449.1065261066172,201696.6717915536,nuc
361,361,14,640,1624,86,114.96593210960768,106.46039669025252,53,57,82,121,196,231,0.0344827586206896,0.0344827586206896,0.1379310344827586,0.2413793103448276,1104.436004668648,518.3643929411664,268701.64386926405,nuc
362,362,31,1137,645,38,267.893514155919,314.35337081565405,87,94,98,125,149,172,0.0,0.0,0.04,0.24,1217.6582910407044,503.2957035262345,253306.56518796732,cyto
363,363,14,525,1610,165,1.6073190395919936,37.86884592291022,66,78,105,124,163,183,0.0,0.0,0.1034482758620689,0.2413793103448276,1152.4206298796842,552.3795088443916,305123.1217911713,nuc
364,364,44,1776,342,71,166.26190213763425,140.4411336586097,20,53,54,67,100,171,0.0666666666666666,0.0666666666666666,0.4,0.5333333333333333,1494.1073107647635,601.0404117548206,361249.5765624043,nuc
365,365,20,793,445,111,102.7433136029199,70.71614427452691,51,54,80,82,104,174,0.0,0.0,0.2,0.6,1382.7162326169869,604.4881823217241,365405.96256662207,nuc
366,366,58,2379,1695,43,116.57244728375744,116.5879412391288,47,47,47,114,135,145,0.0,0.0,0.1666666666666666,0.3333333333333333,1429.8949909037851,662.1977301891635,438505.83386768016,nuc
367,367,45,1713,1741,89,40.42163428845882,37.87554097881981,51,70,71,79,117,136,0.0,0.0434782608695652,0.2608695652173913,0.5217391304347826,1069.9884590856846,529.1665355944118,280017.2223929919,nuc
368,368,14,690,1688,19,182.09000096043025,159.65612308153834,50,82,96,141,195,242,0.0,0.0344827586206896,0.0689655172413793,0.2068965517241379,1093.5525448802514,513.8011882646581,263991.6610621746,cyto
369,369,39,1320,2623,14,244.97537298042755,257.6215009969778,29,29,30,36,71,87,0.0,0.3,0.6,1.4,1436.1039992736512,676.4326187281931,457561.0876794811,cyto
370,370,42,1606,2211,10,134.70478906270634,132.4619619027754,64,64,91,98,111,150,0.0,0.0,0.1,0.5,1206.490447391804,621.6405195555535,386436.9355532985,nuc
371,371,22,704,54,63,86.84055169907893,109.44197930054855,32,41,41,44,66,91,0.0,0.0909090909090909,0.5454545454545454,1.181818181818182,1679.7232088220942,686.2147680451524,470890.7078832622,cyto
372,372,52,2221,2487,9,144.3339657207769,187.06994855040548,35,40,73,85,159,260,0.0,0.1111111111111111,0.1851851851851851,0.3333333333333333,1627.7781500920662,731.5710876763924,535196.2563240199,nuc
373,373,32,1329,2116,16,135.2691451386622,136.36707248426367,36,37,37,52,102,119,0.0,0.1538461538461538,0.3846153846153846,0.8461538461538461,1118.4778903831402,567.9252530144564,322539.0930115344,nuc
374,374,19,751,2195,132,16.94846184801881,33.696656994487526,117,117,118,125,151,173,0.0,0.0,0.0,0.2,1239.7495022271755,611.4078848779513,373819.6016909301,nuc
375,375,4,54,2624,55,350.5078182794319,319.4134488411002,91,107,107,159,293,300,0.0,0.0,0.0,0.1764705882352941,1837.603768071592,727.825806747316,529730.4049673815,nuc
376,376,30,1271,2543,51,105.74565993210672,115.0695196719176,21,29,29,43,74,87,0.0,0.1666666666666666,0.6666666666666666,1.3333333333333333,1375.0371943995522,662.7957701262303,439298.23289722274,nuc
377,377,17,840,1179,65,165.6131089085249,217.3031640865419,22,22,90,135,151,188,0.0,0.1111111111111111,0.1111111111111111,0.2222222222222222,1068.4947313218674,424.0159108972781,179789.49269404847,cyto
378,378,9,411,2626,244,211.0398412980377,207.67264521004032,17,49,71,126,189,288,0.0625,0.0625,0.15625,0.1875,1638.9391210909012,714.0902004378984,509924.8143614378,cyto
379,379,20,784,495,65,151.53350077014036,115.58180906495808,42,48,51,87,133,166,0.0,0.0,0.2,0.4666666666666667,1355.140813194842,593.4908527079174,352231.39224797086,nuc
380,380,12,543,846,17,94.56755029825112,96.61706184848926,18,18,18,18,72,118,0.3333333333333333,0.3333333333333333,0.6666666666666666,1.0,1271.4138436077449,556.0492569577037,309190.7761632144,nuc
381,381,34,1370,1943,41,78.73145833805467,79.44619866641064,27,78,88,100,121,146,0.0,0.0526315789473684,0.1052631578947368,0.4736842105263157,1051.4548982565352,521.3611099038355,271817.4069201593,nuc
382,382,47,1878,1229,50,99.04274869033686,99.09239379918536,30,30,30,39,46,94,0.0,0.3333333333333333,0.5,1.1666666666666667,1146.6528250694348,495.31400648572605,245335.96502094183,nuc
383,383,6,102,2048,3,215.81282190231315,165.0850696776818,52,53,88,126,180,216,0.0,0.0,0.1333333333333333,0.2333333333333333,1508.2769578416903,694.3638636061514,482141.1750820621,cyto
384,384,38,1390,2523,23,180.5113957624361,183.0057576776597,13,26,38,41,100,139,0.0555555555555555,0.2222222222222222,0.3333333333333333,0.5555555555555556,1366.246278954716,665.3420140198427,442679.9956199806,nuc
385,385,58,2337,1716,69,69.73596625527443,69.72279791445818,47,47,47,134,139,159,0.0,0.0,0.1666666666666666,0.1666666666666666,1402.7352616446512,657.3982334803217,432172.4373830475,nuc
386,386,33,1215,810,88,108.4310352253172,145.09287384167422,26,28,93,156,181,209,0.0,0.1052631578947368,0.1052631578947368,0.1578947368421052,1137.6967170472117,445.8298900482509,198764.2908604355,cyto
387,387,21,952,797,122,88.60604371174821,165.16755780719893,61,67,73,92,111,150,0.0,0.0,0.2142857142857142,0.5,1165.958822518635,478.385534568363,228852.71968425845,cyto
388,388,63,2608,817,108,178.08160476240124,73.17655292280192,109,109,109,109,109,148,0.0,0.0,0.0,0.5,1713.9683154731529,662.7841644406534,439282.8486332952,cyto
389,389,40,1716,1490,56,228.69886166305744,193.634693688611,73,75,76,78,146,196,0.0,0.0434782608695652,0.2608695652173913,0.3043478260869565,1054.8570793119652,473.9927356827292,224669.1134799976,nuc
390,390,6,335,2003,26,227.6185344663268,155.14622638859802,24,27,43,45,81,107,0.0333333333333333,0.1333333333333333,0.4666666666666667,0.8,1338.565709928257,662.4150530952878,438793.70256723295,cyto
391,391,7,191,317,49,67.79432656415673,62.27947088929968,25,25,25,59,81,107,0.0,0.2,0.4,1.0,1715.458449563239,705.7596884106854,498096.7377855477,nuc
392,392,6,119,1905,63,80.99625011977528,86.8126903007026,91,97,98,143,169,201,0.0333333333333333,0.0333333333333333,0.0333333333333333,0.1666666666666666,1450.7955538049637,677.606626107124,459150.73974427977,cyto
393,393,29,1209,1806,35,56.28236514563306,57.8127180061777,39,72,72,80,102,111,0.0,0.0909090909090909,0.2727272727272727,0.9090909090909092,1011.0169891917296,465.4220677609395,216617.70115886856,nuc
394,394,43,1891,1933,35,153.77483987325328,155.52411416346112,83,88,129,134,174,189,0.0,0.0,0.0434782608695652,0.1304347826086956,1187.9708482043386,608.8751960598793,370729.0043769564,nuc
395,395,21,726,716,90,158.0260903077908,85.8273576119872,20,116,125,143,170,204,0.0714285714285714,0.0714285714285714,0.0714285714285714,0.1428571428571428,1257.219977942978,544.2219525509814,296177.5336384027,nuc
396,396,39,1625,2527,15,82.49038577711872,70.84425517523495,46,46,62,75,102,118,0.0,0.0,0.3,0.9,1408.068109107433,681.5757190308008,464545.46077235305,nuc
397,397,29,1045,1883,31,127.95345188010182,124.77369185738291,25,27,27,91,131,156,0.0,0.1818181818181818,0.1818181818181818,0.3636363636363636,1045.8191841016992,492.8368170059184,242888.12819652507,nuc
398,398,20,816,521,45,181.7850253469537,149.6128932305322,40,42,62,78,141,183,0.0,0.0666666666666666,0.3333333333333333,0.4666666666666667,1331.9482925340265,581.8148477193181,338508.51702665334,nuc
399,399,8,53,743,54,218.5921075076465,286.3908185265286,18,22,33,36,145,223,0.0714285714285714,0.2857142857142857,0.4285714285714285,0.4285714285714285,1590.4258655169324,667.7537171059746,445895.0267088459,cyto
400,400,9,382,2309,141,119.8550602002508,111.83818593199877,78,150,156,180,221,249,0.0,0.03125,0.0625,0.0625,1454.438620241694,688.6540644867279,474244.4205340904,nuc
401,401,29,1039,1907,17,146.77906949018524,143.0760682093721,25,46,46,101,128,151,0.0,0.0909090909090909,0.1818181818181818,0.4545454545454545,1053.790800120042,500.5209352125199,250521.20658601556,nuc
402,402,38,1304,2334,5,182.79327064498625,182.7589878876532,101,125,143,164,194,212,0.0,0.0,0.0,0.0555555555555555,1236.4481185334305,620.5821656742735,385122.2243529714,cyto
403,403,26,892,1444,133,113.89824308952618,111.34560350528504,38,46,79,120,163,211,0.04,0.08,0.16,0.28,1021.3347188861296,417.4304873027659,174248.2117298246,nuc
404,404,14,372,1674,54,167.2838206343663,166.2241674424495,21,30,41,106,179,208,0.0344827586206896,0.1379310344827586,0.2413793103448276,0.2758620689655172,1239.0743261693672,603.8943526284844,364688.3891365763,cyto
405,405,18,640,584,52,37.17266091863837,47.70745732560821,19,33,33,49,59,74,0.0769230769230769,0.1538461538461538,0.8461538461538461,0.9230769230769232,1350.6106790650372,595.8296179853436,355012.93366856046,nuc
406,406,43,1680,1932,99,65.3563383460264,63.899201486840205,55,55,55,75,109,123,0.0,0.0434782608695652,0.2608695652173913,0.6521739130434783,1106.1218308188882,569.2705610115001,324068.97163434816,nuc
407,407,31,1302,266,123,159.98150330493348,129.4478519430107,157,172,172,247,296,300,0.0,0.0,0.0,0.04,1458.2575281313846,590.6617224101252,348881.27032049577,nuc
408,408,62,2456,1845,98,94.58253826825124,44.45690053531282,24,67,67,117,169,176,0.0,0.0769230769230769,0.1538461538461538,0.3076923076923077,1513.817282411841,688.8556251172212,474522.0722556376,nuc
409,409,22,681,87,39,106.19651874409196,137.56912594623762,17,41,41,64,74,94,0.0909090909090909,0.0909090909090909,0.5454545454545454,1.181818181818182,1660.7748999899898,684.7418084436775,468871.3442307179,cyto
410,410,26,758,1422,66,241.0788564288535,240.4654789644784,37,37,52,100,155,225,0.0,0.12,0.24,0.28,1058.241158263021,455.0775019813006,207095.53280954063,cyto
411,411,33,1144,750,42,201.3449325121984,238.01803186379627,75,84,92,106,152,182,0.0,0.0,0.0526315789473684,0.3684210526315789,1165.8440628529463,469.3696993362408,220307.9146549931,cyto
412,412,33,1081,805,5,230.99272868498707,262.3897826701654,45,82,83,92,135,170,0.0,0.0,0.0526315789473684,0.3684210526315789,1145.649732770423,457.935236989764,209704.68127687127,cyto
413,413,60,2216,922,42,246.85897516248,238.03556409628777,48,48,57,62,105,184,0.0,0.0,0.2916666666666667,0.5416666666666666,1404.448241814675,600.0040333890742,360004.84008315724,nuc
414,414,58,2201,1691,24,98.58929849207668,97.82272258339528,79,79,79,99,139,163,0.0,0.0,0.1666666666666666,0.3333333333333333,1307.3119155898844,628.6758874290161,395233.371434661,nuc
415,415,42,1833,2287,29,106.0509381080515,109.74612039100022,21,21,29,60,105,152,0.0,0.2,0.3,0.5,1319.5023304656038,667.745373399235,445883.8836960837,nuc
416,416,9,552,2619,170,233.85027656164223,248.57957439669065,34,61,67,123,169,300,0.03125,0.0625,0.1875,0.21875,1573.1884663807505,701.6437924529454,492304.011487752,nuc
417,417,43,1728,2071,13,112.4589082756144,112.0334043573943,44,45,46,78,148,180,0.0,0.0434782608695652,0.2608695652173913,0.3043478260869565,1174.1176313737649,609.7449764422252,371788.93629652966,nuc
418,418,34,1310,1814,57,94.0780069124866,93.7703787517466,19,57,62,93,139,162,0.0526315789473684,0.0526315789473684,0.1578947368421052,0.3684210526315789,1012.5206312999408,474.2669647951337,224929.1538959886,nuc
419,419,44,1715,375,22,185.16481464250265,174.39802291560474,28,44,64,70,161,231,0.0,0.0666666666666666,0.2666666666666666,0.4,1454.4871479975372,586.7663589025109,344294.75993971026,nuc
420,420,54,2215,81,202,101.20044027920848,118.8147714613092,33,41,50,64,150,278,0.0,0.0909090909090909,0.3181818181818182,0.3636363636363636,1855.3458033625243,679.2392623543129,461365.9755236312,nuc
421,421,37,1227,1570,38,181.4218253658278,210.252978704725,55,81,81,86,157,194,0.0,0.0,0.0769230769230769,0.3846153846153846,980.7912028218008,396.2681751668552,157028.46665006946,cyto
422,422,31,1289,658,25,291.308907681455,336.3678886144328,50,68,105,145,183,215,0.0,0.04,0.12,0.16,1211.9059163709735,490.6921035498988,240778.7404862246,cyto
423,423,51,1895,1553,11,178.0944040093141,177.63296633144262,58,61,67,79,131,145,0.0,0.0,0.25,0.4166666666666667,1125.1020136179711,536.254094698287,287568.4540806793,nuc
424,424,14,627,1785,37,203.0894365301044,165.97232707378308,51,58,87,128,164,215,0.0,0.0344827586206896,0.1034482758620689,0.2068965517241379,1134.787297550029,550.4709665877104,303018.28505600826,nuc
425,425,31,1037,529,28,213.58286222471497,248.3627776795375,33,33,61,129,170,200,0.0,0.12,0.24,0.24,1288.978906669685,548.5408598016656,300897.07487195067,cyto
426,426,52,1937,2152,14,325.0267599142392,252.28229017250243,54,98,104,138,188,246,0.0,0.037037037037037,0.074074074074074,0.1851851851851851,1294.9567477286982,658.7413326295778,433940.143314592,nuc
427,427,5,330,1411,91,117.09157893139628,150.18123026535386,39,53,71,97,133,161,0.0285714285714285,0.0571428571428571,0.1714285714285714,0.4285714285714285,1252.1339036106626,591.6622668185258,350064.23797683645,nuc
428,428,14,356,1642,81,173.26063188591914,179.9451089699219,36,52,59,111,163,206,0.0,0.0689655172413793,0.1724137931034483,0.2758620689655172,1244.6097192003222,603.7673383695409,364534.9988818397,cyto
429,429,3,108,425,3,159.55547230070664,163.62077288854675,34,35,45,56,87,112,0.0,0.1052631578947368,0.4210526315789473,0.7894736842105263,1701.8130604558137,703.2518440976137,494563.1562266944,nuc
430,430,53,1902,430,55,256.9004624571357,195.89818194795703,72,72,72,84,102,114,0.0,0.0,0.2,0.8,1483.2456818384526,601.2649293560029,361519.5152734791,nuc
431,431,5,199,1348,113,68.91449463429156,37.39598919325076,53,67,78,88,151,211,0.0285714285714285,0.0285714285714285,0.2,0.2857142857142857,1340.8647600238733,617.3558729686215,381128.2738888488,nuc
432,432,54,2115,226,65,176.84586055706313,67.64436900216461,32,42,42,110,186,241,0.0,0.0909090909090909,0.1818181818181818,0.2727272727272727,1706.595045497747,657.4989205961487,432304.83058510063,nuc
433,433,24,792,1889,29,201.85355082336835,201.27348759685515,38,71,73,107,128,175,0.0,0.0714285714285714,0.2142857142857142,0.4285714285714285,1103.9980052798874,531.5650541317433,282561.40677408315,nuc
434,434,5,15,1621,12,285.378131552401,292.2495309373068,46,65,162,243,300,300,0.0285714285714285,0.0285714285714285,0.1142857142857142,0.1428571428571428,1478.5961045626957,659.0743586591257,434379.01024193777,cyto
435,435,20,892,475,56,175.24530840944317,160.32760914386904,16,28,31,63,108,155,0.0666666666666666,0.2,0.3333333333333333,0.6666666666666666,1342.164272949797,582.9916700228639,339879.2873160479,cyto
436,436,3,161,203,52,80.13687395692872,84.48310159309172,35,84,95,118,176,218,0.0,0.0526315789473684,0.0526315789473684,0.2631578947368421,1804.658261875445,718.3151190249655,515976.6102198503,nuc
437,437,21,721,735,78,160.8914926482553,94.00684635843754,20,106,143,147,183,210,0.0714285714285714,0.0714285714285714,0.0714285714285714,0.1428571428571428,1250.2304461015106,540.1722069181369,291786.01312681055,nuc
438,438,61,2423,1538,58,91.78647682140652,79.3546408181262,30,48,60,81,131,159,0.0,0.0714285714285714,0.2142857142857142,0.4285714285714285,1449.3754542438085,654.5761129476416,428469.8876416437,nuc
439,439,40,1848,1316,37,240.91733295285303,203.03966341205728,29,46,93,104,170,242,0.0,0.0869565217391304,0.1304347826086956,0.3478260869565217,1119.4981274304807,490.5137751681476,240603.7636297081,nuc
440,440,9,492,2622,230,213.31752724495243,221.3287467044907,41,64,73,97,152,300,0.0,0.0,0.1875,0.34375,1599.851429872589,707.2795304016164,500244.33412513096,nuc
441,441,14,457,1542,92,96.05662358489808,130.7521802292088,60,72,88,118,156,181,0.0,0.0,0.1034482758620689,0.3448275862068966,1181.2683411074477,565.4446961007023,319727.7043484156,nuc
442,442,29,1070,1874,46,102.14266427293582,98.73396442678884,27,46,46,65,116,133,0.0,0.0909090909090909,0.2727272727272727,0.6363636363636364,1039.7533286737046,488.6427581679712,238771.74511000235,nuc
443,443,50,1913,2461,5,89.41909800791697,89.11073019214795,52,52,52,65,68,80,0.0,0.0,0.8,1.2,1457.6991412230273,701.1051580659544,491548.4426666869,cyto
444,444,32,1285,2089,21,127.3266197824938,128.9713238778525,19,19,19,52,79,103,0.1538461538461538,0.1538461538461538,0.5384615384615384,1.2307692307692308,1104.5717038695936,557.5668126094055,310880.7505234119,nuc
445,445,28,1063,103,77,125.76301671439408,96.94379558252024,110,110,110,120,125,205,0.0,0.0,0.0,0.3333333333333333,1581.2504167059517,638.4279301389506,407590.2219815048,nuc
446,446,33,1445,852,99,146.41225005499172,134.29889127179715,31,39,40,52,83,179,0.0,0.1578947368421052,0.4736842105263157,0.5789473684210527,1136.095110461678,442.97005957026965,196222.47367568823,nuc
447,447,27,1168,1119,88,53.29562188876525,38.59431466430074,152,152,152,152,152,157,0.0,0.0,0.0,0.0,1034.4033406226213,368.1120520539209,135506.48286734856,nuc
448,448,26,891,1303,65,146.8548738883642,151.8195111707735,48,70,99,129,178,260,0.0,0.04,0.12,0.24,1034.243366292279,407.36500983938,165946.2512414382,cyto
449,449,25,917,2171,26,128.62299620974477,128.66412789519168,23,31,31,40,84,168,0.0,0.2727272727272727,0.4545454545454545,0.5454545454545454,1182.786373379255,585.8886909336442,343265.5581639392,nuc
450,450,37,1513,1554,89,105.29409371452849,81.89107116039972,43,56,56,71,110,142,0.0,0.0,0.3076923076923077,0.6153846153846154,1002.8938371563132,433.1154581805623,187589.0001149584,nuc
451,451,4,141,2598,17,320.44552905881534,288.5502006637839,33,56,69,197,232,259,0.0,0.0588235294117647,0.1764705882352941,0.2352941176470588,1766.524446999193,725.8770011407813,526897.4207851338,cyto
452,452,14,621,1810,12,222.49919052414052,184.52954480699023,36,40,99,140,183,227,0.0,0.1034482758620689,0.1379310344827586,0.2068965517241379,1142.79789880874,556.9603243650466,310204.80291681795,cyto
453,453,8,394,397,8,284.59052828190573,218.60092558609327,146,206,206,215,246,257,0.0,0.0,0.0,0.0,1561.3792001391298,669.2398259606339,447881.9446518195,nuc
454,454,55,2328,2079,44,163.25264487891283,173.72136364390525,21,47,65,128,159,172,0.0,0.0666666666666666,0.2,0.2,1491.3463932654288,701.154700895417,491617.9145877418,nuc
455,455,9,209,2590,41,285.2243157862053,260.6369857607149,59,136,155,175,285,300,0.03125,0.03125,0.09375,0.09375,1720.8929569041118,723.4726123980114,523412.6208900032,cyto
456,456,13,377,1199,36,235.51513403259625,256.88054563941506,46,65,65,86,111,115,0.0,0.0,0.1666666666666666,0.75,1250.9741657853813,570.6640367776022,325657.44287130854,cyto
457,457,44,1877,14,26,243.4312551050908,228.822344870334,76,92,97,119,219,290,0.0,0.0,0.0666666666666666,0.2666666666666666,1763.3010398242743,656.0737288728434,430432.7377171172,cyto
458,458,56,2211,1448,119,87.3643976124729,86.93262377841529,44,44,87,106,185,199,0.0,0.0,0.1111111111111111,0.3333333333333333,1303.0377807491057,600.6210934090444,360745.697847876,nuc
459,459,31,1286,185,42,218.8010372341318,177.10547719128695,108,129,177,225,300,300,0.0,0.0,0.0,0.08,1516.7013263180431,607.736098908754,369343.1659168308,cyto
460,460,26,1219,1262,34,261.973501246688,266.10714324320924,88,128,138,153,257,300,0.0,0.0,0.04,0.08,1002.4929128270354,355.34504330952416,126270.0998046476,cyto
461,461,34,1284,2005,16,173.37561142398286,174.00553354163017,33,42,62,69,95,112,0.0,0.0526315789473684,0.3157894736842105,0.8947368421052632,1069.491232158511,533.1169269564107,284213.6578074469,nuc
462,462,10,574,85,68,114.40056936357814,118.35772293628963,59,60,60,72,80,102,0.0,0.0,0.5454545454545454,1.181818181818182,1696.80386299091,695.0134035043466,483043.6310506956,cyto
463,463,3,108,119,14,146.49604916327536,142.78724491069698,19,36,78,90,228,273,0.0526315789473684,0.1052631578947368,0.2105263157894736,0.3157894736842105,1890.8967211637505,726.8180097991706,528264.4193684272,nuc
464,464,13,810,1021,12,278.9753937275668,255.16366586320612,161,166,166,175,216,231,0.0,0.0,0.0,0.0,1117.229322301422,451.6365957197407,203975.6145933165,cyto
465,465,19,681,2085,70,114.81498781988074,106.0058821259108,54,54,94,131,149,196,0.0,0.0,0.1,0.2,1211.8477547258346,599.6235439992387,359548.39451820694,nuc
466,466,52,2008,2359,130,191.558408360604,98.46180961377074,83,83,124,125,158,204,0.0,0.0,0.0,0.1111111111111111,1437.2500386756196,700.0930292405727,490130.24959124136,nuc
467,467,5,327,1297,75,164.42184182003498,167.2923497657275,39,63,73,107,133,165,0.0,0.0571428571428571,0.1714285714285714,0.3714285714285714,1263.876788176222,587.0200962660459,344592.59342019784,cyto
468,468,21,989,901,38,190.9302245741729,260.68004082479735,52,77,111,132,153,212,0.0,0.0,0.1428571428571428,0.2142857142857142,1118.9918526835054,441.07560896521886,194547.69282403865,cyto
469,469,9,342,2126,9,304.9769378232519,299.15734045401246,43,58,61,76,115,134,0.0,0.03125,0.3125,0.5625,1384.1699975948677,675.9965161636633,456971.2898654098,cyto
470,470,30,1180,2348,2,148.34278306224022,140.43269493361808,105,125,125,127,167,191,0.0,0.0,0.0,0.0833333333333333,1246.5081914439545,619.1058499069976,383292.0533890659,nuc
471,471,20,785,200,44,143.96440815743634,183.08056885445487,71,95,97,115,167,185,0.0,0.0,0.0666666666666666,0.3333333333333333,1549.4743427012636,655.4863119543016,429662.305159452,cyto
472,472,5,460,1387,13,248.6422069623348,277.33922792146683,24,56,81,100,134,182,0.0285714285714285,0.0571428571428571,0.1428571428571428,0.4,1181.492668238712,552.8037180224419,305591.9506594355,cyto
473,473,55,1911,2105,21,256.6444799719275,247.2200883871759,29,53,54,67,155,177,0.0,0.0666666666666666,0.2666666666666666,0.3333333333333333,1261.7682785033244,646.2290098451454,417611.93316543696,nuc
474,474,51,1976,1724,63,60.96470585208849,63.09521323138316,47,54,68,86,113,132,0.0,0.0416666666666666,0.1666666666666666,0.5833333333333334,1179.7006940361853,587.4766107918246,345128.7682274489,nuc
475,475,34,1345,1933,60,79.36315293087355,80.01571193157261,27,53,75,87,124,150,0.0,0.0526315789473684,0.1578947368421052,0.4210526315789473,1046.4600876094771,515.7566417819477,266004.9135421923,nuc
476,476,35,1448,358,32,183.0888335170588,189.2335527796112,173,173,173,173,173,233,0.0,0.0,0.0,0.0,1409.4682706829435,568.5969817694909,323302.5276773747,cyto
477,477,45,1730,1774,56,69.44044795616884,65.8624637303095,61,63,71,88,128,149,0.0,0.0434782608695652,0.1739130434782608,0.4782608695652174,1081.7151859523417,541.0002910769805,292681.31494537764,nuc
478,478,5,275,1325,122,109.68647531241022,108.29446536063011,37,60,70,89,138,174,0.0,0.0571428571428571,0.2285714285714285,0.4571428571428571,1292.7002628205432,600.8004709548399,360961.2058995574,nuc
479,479,18,697,595,32,91.74653881132024,104.19427458756394,21,59,59,80,113,119,0.0,0.0769230769230769,0.3076923076923077,0.7692307692307693,1325.482408886289,582.3983322010286,339187.81735053967,nuc
480,480,6,21,1637,6,256.2766976990226,336.36371821334353,30,82,169,253,300,300,0.0333333333333333,0.0666666666666666,0.0666666666666666,0.1,1475.4863335880354,659.6682739440221,435162.23164828535,cyto
481,481,11,390,2089,12,205.47497783682385,216.1047862458556,39,39,41,41,52,61,0.0,0.125,0.875,2.125,1341.9470920797328,662.5438249382024,438964.3199637434,cyto
482,482,4,356,2071,14,318.81674674160445,339.4251470357185,22,38,39,45,72,82,0.0,0.1764705882352941,0.6470588235294118,1.2941176470588236,1352.7353403779368,667.2486047927144,445220.70059782406,cyto
483,483,43,1718,1857,28,104.35715408584102,104.2738614451779,57,76,78,84,117,156,0.0,0.0,0.217391304347826,0.5652173913043478,1096.5324537416898,558.3356525531356,311738.7009119357,nuc
484,484,45,1672,1797,37,109.3926989973632,107.13141233336856,28,30,63,70,107,125,0.0,0.1304347826086956,0.3478260869565217,0.6956521739130435,1067.418365874427,534.0100491183437,285166.7325593758,nuc
485,485,5,226,1434,147,22.63167005836776,67.91944053995415,60,69,91,107,156,194,0.0,0.0,0.1142857142857142,0.3142857142857143,1317.8919752392808,615.9080102129589,379342.6770444863,nuc
486,486,6,311,1958,40,179.66561421332156,113.2968439044317,19,27,43,50,77,127,0.0666666666666666,0.1333333333333333,0.5,0.7,1337.5630911671476,660.3898446677695,436114.7469403207,nuc
487,487,4,264,2126,23,213.9623506249817,236.86162291747215,16,28,37,49,78,101,0.0588235294117647,0.1764705882352941,0.5294117647058824,1.0,1430.123824163276,687.6788066423637,472902.1411050654,cyto
488,488,34,1470,1752,8,140.65964419404511,140.02263038802928,29,45,66,93,116,160,0.0,0.0526315789473684,0.2105263157894736,0.5263157894736842,1014.3321292368696,477.9454955978053,228431.8967622317,nuc
489,489,31,1166,600,83,218.6581523961453,265.7091563110101,88,91,94,107,136,210,0.0,0.0,0.04,0.36,1240.886726442606,514.5270281637551,264738.0627110256,cyto
490,490,39,1680,2554,53,121.60716170389232,108.93554541497733,55,55,62,82,124,134,0.0,0.0,0.2,0.3,1441.6497572321796,689.043949658738,474781.5645613136,nuc
491,491,13,422,1207,30,215.7425430468265,234.5769440560312,46,67,67,80,111,114,0.0,0.0,0.25,0.8333333333333334,1224.99417245805,557.8070641409729,311148.7208055714,cyto
492,492,38,1460,2383,150,27.561121514455188,29.396353243101185,116,132,132,143,157,194,0.0,0.0,0.0,0.0555555555555555,1279.8071885758225,642.7363016761262,413109.9534923043,nuc
493,493,34,1514,1743,8,176.25145828574344,175.68133790067765,26,45,49,70,98,144,0.0,0.0526315789473684,0.3157894736842105,0.631578947368421,1019.7446413837708,484.3770969955237,234621.17209381104,cyto
494,494,43,1814,1904,73,92.70934396071684,94.26017399239254,86,107,108,135,155,183,0.0,0.0,0.0,0.1739130434782608,1145.7215610798237,588.0214111700983,345769.1799944739,nuc
495,495,25,941,1962,71,102.59613706102232,102.09059371544254,69,102,102,113,156,172,0.0,0.0,0.0909090909090909,0.2727272727272727,1089.5219567509623,525.8955839301774,276566.1651972623,nuc
496,496,6,201,1944,126,104.13943301574568,25.51085461326035,80,83,91,104,117,136,0.0,0.0,0.0666666666666666,0.5666666666666667,1404.033219395067,674.268087117641,454637.4533052827,nuc
497,497,39,1566,2609,87,30.370056261218632,34.46145558225046,44,44,102,107,125,145,0.0,0.0,0.1,0.4,1455.567050489682,686.7538639786068,471630.8696895468,nuc
498,498,13,427,1041,111,105.96165092974844,130.81391641708848,42,57,57,112,144,176,0.0,0.0,0.1666666666666666,0.3333333333333333,1261.8177197633922,561.3161772663482,315075.8508609064,nuc
499,499,56,2179,1418,141,48.6031091293997,47.97633167346894,44,44,131,145,208,228,0.0,0.0,0.1111111111111111,0.1111111111111111,1284.283913669187,589.73312538454,347785.1591758176,nuc
500,500,22,780,86,67,9.368418139700784,49.47052999746021,73,78,78,83,100,132,0.0,0.0,0.1818181818181818,0.7272727272727273,1636.0668961318322,673.3594594005912,453412.9615642564,nuc
501,501,44,1721,145,180,46.57660208311445,65.61856726181259,87,118,122,128,193,216,0.0,0.0,0.0,0.1333333333333333,1616.6669327254838,627.2976888096554,393502.39038593526,nuc
502,502,40,1690,1501,42,227.95737006274405,196.3821221014592,45,51,78,96,140,200,0.0,0.0434782608695652,0.1739130434782608,0.4347826086956521,1046.214559931545,468.6967803729241,219676.67193194505,nuc
503,503,38,1559,2254,54,137.22780431542068,134.7795497362803,64,102,106,135,163,208,0.0,0.0,0.0555555555555555,0.1666666666666666,1219.4386162241565,625.0966275565962,390745.79378263,nuc
504,504,5,451,1397,13,238.7221551129757,268.72591116742564,34,65,89,105,128,175,0.0285714285714285,0.0571428571428571,0.1428571428571428,0.4285714285714285,1185.4435137904525,556.2181599942554,309378.6415073951,cyto
505,505,37,1419,1382,11,184.15141100798436,202.7480464390416,37,38,38,136,179,186,0.0,0.1538461538461538,0.1538461538461538,0.2307692307692307,996.5771731501216,381.08173499635166,145223.2887478296,cyto
506,506,48,1991,1005,7,154.0152533909712,128.96830343735922,55,94,94,113,145,189,0.0,0.0,0.0909090909090909,0.2727272727272727,1254.9911441246156,535.5432945835626,286806.6203734165,nuc
507,507,5,206,1264,36,151.64006305453464,119.9449630702431,81,84,90,94,172,225,0.0,0.0,0.0285714285714285,0.3428571428571428,1345.6764943555304,612.8336743101559,375565.11236848624,cyto
508,508,30,1256,2557,70,100.32361231153948,110.30297264035067,21,37,37,39,66,76,0.0,0.25,0.8333333333333334,1.1666666666666667,1385.230768069112,664.4434745617687,441485.1308877157,nuc
509,509,51,1894,1623,44,137.74395854349,138.08000002829226,27,35,39,62,95,114,0.0,0.1666666666666666,0.375,0.75,1127.570480151223,549.5794448941194,302037.56625012844,nuc
510,510,59,2473,2550,121,63.476595746650034,181.6723356521214,183,183,183,183,183,183,0.0,0.0,0.0,0.0,1825.5698560637848,742.2208060892584,550891.7249917885,cyto
511,511,9,533,2622,190,227.6761251932254,240.38789129183093,38,41,64,91,163,300,0.03125,0.0625,0.1875,0.28125,1582.873023692419,703.6533674419326,495128.06151237135,nuc
512,512,24,931,1671,97,57.40668257511027,66.1541700057235,48,74,100,111,199,231,0.0,0.0,0.1428571428571428,0.2857142857142857,1023.042892193986,448.36692120380735,201032.8960297812,nuc
513,513,31,1158,327,167,65.98190993211615,35.94778504051475,129,157,157,192,222,253,0.0,0.0,0.04,0.04,1411.7173934589273,586.662059880904,344172.37250370544,nuc
514,514,13,498,1127,46,111.18561391084263,126.77643046146486,78,111,111,112,154,170,0.0,0.0,0.0833333333333333,0.25,1204.3619324785225,535.4139297374426,286668.07615689107,nuc
515,515,43,1690,1906,74,72.58661837002342,71.61539372313,52,57,61,78,112,137,0.0,0.0434782608695652,0.2608695652173913,0.6086956521739131,1101.121573407517,564.7937400163838,318991.9687616946,nuc
516,516,21,801,804,83,101.1030025682794,94.61828529373584,106,116,136,152,190,212,0.0,0.0,0.0,0.1428571428571428,1196.9719590607356,504.4455152160378,254465.2778215738,nuc
517,517,20,841,369,99,69.7975882424298,80.29951799060335,69,75,84,86,116,126,0.0,0.0,0.1333333333333333,0.6,1419.4887894666526,615.5663676231643,378921.9529487767,nuc
518,518,34,1451,1815,70,81.18952368938075,80.66179794055894,66,86,96,107,133,153,0.0,0.0,0.0526315789473684,0.3157894736842105,1024.3212857105414,493.24869255014016,243294.2727024227,nuc
519,519,4,275,2079,13,256.43683928959376,281.1568297992562,14,33,33,46,67,82,0.0588235294117647,0.1764705882352941,0.6470588235294118,1.2941176470588236,1403.338212162253,681.773620130759,464815.2691062004,nuc
520,520,18,683,580,52,73.42389940031764,86.43848171397165,21,44,44,62,96,102,0.0,0.0769230769230769,0.3846153846153846,0.8461538461538461,1337.9152071981073,588.8741674343967,346772.7850715539,nuc
521,521,45,1784,1636,55,86.96704782098232,89.01911995658173,69,72,77,92,127,149,0.0,0.0,0.1739130434782608,0.391304347826087,1082.4775721174803,522.7439200836752,273261.2059844478,nuc
522,522,18,618,541,56,18.520438962151,26.58912398422561,17,23,23,38,52,69,0.0769230769230769,0.3076923076923077,0.8461538461538461,0.9230769230769232,1381.682803920227,609.8412681571212,371906.3723474858,nuc
523,523,15,597,363,32,71.29596484788554,72.9668504295992,67,67,67,67,67,149,0.0,0.0,0.5,0.5,1495.7303241107677,648.5796265730648,420655.5320056562,cyto
524,524,14,419,1733,7,163.98034069486673,145.55679722381515,34,56,69,107,189,212,0.0,0.0689655172413793,0.2068965517241379,0.3103448275862069,1221.919948668305,599.7729235925084,359727.5598747049,nuc
525,525,43,1919,1880,17,196.20222412073815,197.89174776840977,71,81,108,130,167,200,0.0,0.0,0.0869565217391304,0.217391304347826,1185.352340732655,603.8628798408635,364650.3776497011,nuc
526,526,3,61,336,57,86.34322329477078,84.08256576670969,47,51,54,78,107,136,0.0,0.0,0.3157894736842105,0.5789473684210527,1781.7713812551535,715.6531207758954,512159.3892762784,nuc
527,527,38,1383,2272,42,139.38213632545282,137.89868116902878,87,101,130,146,180,208,0.0,0.0,0.0,0.1111111111111111,1204.1599963027925,611.327710251311,373721.56932111096,nuc
528,528,51,1958,1699,57,63.679559889948,65.35624948677898,31,52,60,70,100,120,0.0,0.0833333333333333,0.3333333333333333,0.75,1166.67345294559,579.1637809202978,335430.6851298947,nuc
529,529,55,1997,2008,80,178.70899310867432,167.69465078128607,98,100,106,125,150,185,0.0,0.0,0.0,0.2,1265.3381682825948,641.9975664342251,412160.8753074672,nuc
530,530,51,2159,1625,40,150.6896299568864,148.91434776391898,79,120,130,155,189,209,0.0,0.0,0.0833333333333333,0.125,1273.6248966892151,610.8585052188308,373148.1133981844,nuc
531,531,51,1900,1684,19,119.06879696267974,120.32246629837574,35,40,60,62,89,120,0.0,0.125,0.375,0.75,1136.366027113777,562.7718033131681,316712.10260435514,nuc
532,532,33,1190,808,89,130.1337815872985,165.68410951644907,26,53,75,141,180,210,0.0,0.0526315789473684,0.1578947368421052,0.2105263157894736,1138.7698059850004,447.6142497206845,200358.51655301132,cyto
533,533,6,312,2002,48,211.02873667282375,135.78942346273266,24,30,38,49,76,97,0.0,0.1666666666666666,0.5333333333333333,0.8666666666666667,1351.6518421055598,666.590242264482,444342.5510822208,nuc
534,534,5,387,1263,23,231.36075674752877,236.2505564954068,58,67,77,93,144,189,0.0,0.0,0.2,0.3714285714285714,1234.1416790440169,569.4027476279167,324219.48900622106,cyto
535,535,14,390,1486,5,183.25764111676563,216.7279343410137,29,35,60,102,140,164,0.0344827586206896,0.1379310344827586,0.1724137931034483,0.4482758620689655,1215.7712525665731,580.3826907881089,336844.0677664456,cyto
536,536,31,1097,547,60,189.9752569225853,232.08113052761908,33,46,59,106,184,209,0.0,0.08,0.2,0.32,1273.5844164846608,536.6991046868941,288045.9289717137,cyto
537,537,36,1363,2094,22,94.72417861140542,94.88792034935253,30,30,41,60,79,115,0.0,0.1111111111111111,0.5555555555555556,0.8888888888888888,1110.362197421089,564.6531806441327,318833.2144115356,nuc
538,538,60,2603,1214,156,246.87744222753267,267.0158590958042,106,111,111,151,241,300,0.0,0.0,0.0416666666666666,0.1666666666666666,1609.4202024467834,662.5603582147924,438986.228277714,nuc
539,539,17,462,1276,25,224.8105087989326,173.28062813566262,30,30,32,36,59,80,0.0,0.3333333333333333,0.7777777777777778,1.1111111111111112,1192.5731648159324,547.1240993199332,299344.78005664813,nuc
540,540,5,285,1435,103,74.60516491653011,115.3589750788279,46,60,69,99,145,187,0.0,0.0285714285714285,0.1714285714285714,0.3714285714285714,1279.1680647599337,603.6736691978003,364421.8988827352,nuc
541,541,31,1260,558,33,187.42448486058592,232.25201643119792,39,47,56,107,206,253,0.0,0.08,0.16,0.28,1265.579879188636,520.6971147884625,271125.48534902924,nuc
542,542,56,2272,1510,70,170.99699820585138,170.70790200012024,21,21,87,107,131,162,0.0,0.1111111111111111,0.1111111111111111,0.3333333333333333,1342.075541868986,621.3318834122351,386053.30934459536,nuc
543,543,11,639,1841,21,190.7127321692213,174.03894136987824,36,36,48,48,66,94,0.0,0.125,0.625,0.875,1143.2731782344777,558.1964761145383,311583.3059466884,cyto
544,544,18,589,564,71,24.29182382565369,10.926230657952528,15,16,16,37,42,56,0.1538461538461538,0.4615384615384615,0.7692307692307693,0.9230769230769232,1380.3438387911085,609.49663441988,371486.1473691608,nuc
545,545,31,1174,380,168,19.128474197389803,48.20083873667411,153,164,169,182,216,241,0.0,0.0,0.04,0.04,1375.5016139849763,572.8163965666828,328118.6241756392,nuc
546,546,21,1026,743,69,144.31157033623688,216.9122266012413,34,35,35,39,90,124,0.0,0.2857142857142857,0.3571428571428571,0.7142857142857143,1178.615850347869,484.76593931527407,234998.01592022,cyto
547,547,21,991,743,102,109.3115775173022,182.3979932851064,33,33,35,35,90,154,0.0,0.2857142857142857,0.4285714285714285,0.7142857142857143,1183.303441021735,489.55205415314254,239661.21372556145,cyto
548,548,3,72,465,46,203.2692482175228,205.3642233878665,25,37,43,48,78,116,0.0,0.1052631578947368,0.5263157894736842,0.8421052631578947,1703.2603946861411,701.9138218309208,492683.0132772897,nuc
549,549,56,2391,1364,13,265.1635551690684,264.4151036764243,107,107,145,147,173,189,0.0,0.0,0.0,0.1111111111111111,1430.6986925796837,633.7876551769383,401686.7918546817,nuc
550,550,51,1970,1625,78,74.28462066571511,73.73571892650891,37,39,41,49,92,143,0.0,0.125,0.4166666666666667,0.625,1164.892037419446,568.8667167275453,323609.3414003773,nuc
551,551,61,2545,1585,40,98.61285989123968,100.59502155370706,29,41,42,53,73,131,0.0,0.0714285714285714,0.5,0.6428571428571429,1545.3193909827255,677.2031312309491,458604.0809490021,nuc
552,552,5,138,1322,62,119.84314735958316,74.55730711933626,52,90,108,123,191,256,0.0285714285714285,0.0285714285714285,0.0857142857142857,0.2,1386.1892882311256,626.7334092965579,392794.7663284867,nuc
553,553,19,693,2033,59,158.39873039008606,142.39725779034393,54,54,94,97,114,173,0.0,0.0,0.1,0.5,1185.9901310365055,586.1089199864358,343523.6660876662,nuc
554,554,28,1314,81,62,126.72128736643268,159.1784045882489,75,75,75,97,108,188,0.0,0.0,0.1666666666666666,0.5,1598.2367596188276,624.8227418568224,390403.4587414773,cyto
555,555,54,2200,43,241,140.6864355683246,137.99844445964743,41,47,58,86,184,300,0.0,0.0454545454545454,0.2272727272727272,0.4090909090909091,1875.0761595168892,680.4542914727052,463018.0427836212,nuc
556,556,34,1293,1868,65,95.15606972902592,95.2737209376592,32,42,57,84,108,138,0.0,0.0526315789473684,0.2105263157894736,0.631578947368421,1025.2084112370294,490.4835042839297,240574.0679746437,nuc
557,557,33,1440,801,55,158.48427707742738,158.36755723542942,24,24,27,32,67,199,0.0,0.2631578947368421,0.5263157894736842,0.5263157894736842,1157.1494342987314,456.1269099238646,208051.75795669333,cyto
558,558,36,1486,2125,33,73.50068582825809,73.90448893206039,58,58,85,106,111,127,0.0,0.0,0.1111111111111111,0.6666666666666666,1139.1456526513489,585.7282624158327,343077.5973926706,nuc
559,559,19,671,2280,34,115.74231059526352,144.93008238139717,117,117,141,182,196,218,0.0,0.0,0.0,0.1,1311.8875941434885,640.1973308499623,409852.62242741615,cyto
560,560,5,15,1556,16,242.79189993436435,241.91096811127477,65,82,126,245,296,300,0.0,0.0,0.0857142857142857,0.1428571428571428,1473.936838282063,654.4016583829979,428241.5304944178,cyto
561,561,25,926,2133,51,91.44969542812598,91.4214849389159,30,40,40,40,77,157,0.0,0.2727272727272727,0.5454545454545454,0.6363636363636364,1162.425074570441,575.2343108615523,330894.51239236497,nuc
562,562,13,506,957,60,68.5622095036869,74.9226352726721,61,96,96,104,116,171,0.0,0.0,0.0833333333333333,0.5833333333333334,1248.6251720593627,548.0748607854046,300386.05302494054,nuc
563,563,60,2606,1364,14,342.6269958349313,353.412982661192,99,119,141,189,229,253,0.0,0.0,0.0,0.125,1595.6874266422108,668.7228656535683,447190.27104792034,cyto
564,564,51,1905,1605,61,136.9268131103144,136.93057775324107,30,35,43,58,99,113,0.0,0.125,0.3333333333333333,0.75,1131.5286872040326,548.9516777721312,301347.94452883775,nuc
565,565,27,1028,1048,97,111.03287829765613,139.96193727078364,153,153,153,153,153,157,0.0,0.0,0.0,0.0,1065.5632141121623,397.476727968612,157987.74927663396,cyto
566,566,53,2100,334,37,116.04576465066346,108.7453048639245,73,73,73,82,90,110,0.0,0.0,0.2,0.8,1629.8847626687289,641.9151785663698,412055.0964738945,nuc
567,567,9,214,2416,39,221.2801665837657,191.1990259793007,61,131,155,188,245,300,0.0,0.0,0.0625,0.09375,1610.38000579167,713.7543151043633,509445.22233009874,nuc
568,568,26,800,1512,62,226.2191737465617,222.66362165862816,83,97,100,131,168,207,0.0,0.0,0.04,0.2,1044.1867607266663,451.7848837618918,204109.5811957461,cyto
569,569,36,1387,2077,48,66.63173424094795,66.74829679605267,30,30,70,77,87,103,0.0,0.1111111111111111,0.3333333333333333,0.8888888888888888,1104.7297905861997,562.1491177572628,316011.6305952689,nuc
570,570,28,1367,28,110,188.198745839634,216.59103101430352,75,75,75,103,177,247,0.0,0.0,0.1666666666666666,0.3333333333333333,1644.418756988411,631.3790990904137,398639.5667682224,nuc
571,571,38,1379,2529,20,191.4448891179521,193.9059705744316,13,29,30,37,88,127,0.0555555555555555,0.2777777777777778,0.2777777777777778,0.7222222222222222,1369.5915562361597,665.8011142796452,443291.1237760171,nuc
572,572,44,1667,30,130,165.30278367870773,192.6628337992736,121,124,128,175,286,300,0.0,0.0,0.0,0.0,1691.2029043570728,638.3986641925253,407552.8544428007,cyto
573,573,9,511,2195,33,233.9539477975188,247.2014481641522,125,152,161,183,236,256,0.0,0.0,0.0,0.03125,1331.9304009425878,652.7457850551622,426077.0599072799,cyto
574,574,6,297,1956,52,167.74073498218118,99.5150317266246,19,29,40,51,81,125,0.0666666666666666,0.1666666666666666,0.4333333333333333,0.7,1345.4005612482104,662.6033261276586,439043.16779543634,nuc
575,575,38,1545,2461,63,111.0119736361216,112.97198155460786,30,50,81,104,149,167,0.0,0.0555555555555555,0.1111111111111111,0.3333333333333333,1344.8241974117273,665.1244449455951,442390.527264186,nuc
576,576,17,500,1289,56,191.84820291760835,142.72511201049448,25,25,41,45,69,104,0.0,0.1111111111111111,0.5555555555555556,1.4444444444444444,1172.2420024465994,534.9905682933456,286214.9081628369,cyto
577,577,31,1030,330,95,171.29746165762734,162.98844382989984,89,91,94,129,200,222,0.0,0.04,0.04,0.24,1416.4153033190134,599.8876481064993,359865.19035074714,nuc
578,578,26,1240,1334,69,251.3712643824101,253.6256659200289,75,84,100,153,227,284,0.0,0.0,0.08,0.16,991.5359222322776,357.9450004223714,128124.62332737145,cyto
579,579,25,876,1985,81,125.20772002378791,124.5746404463224,69,90,90,122,138,157,0.0,0.0,0.0909090909090909,0.1818181818181818,1112.516998422832,541.2384162514178,292939.023226343,nuc
580,580,13,687,878,45,211.4930973222592,189.37391070933316,136,142,142,147,160,198,0.0,0.0,0.0,0.0,1203.1753994716105,512.9233305307903,263090.3430027983,nuc
581,581,3,15,364,16,137.4298186974659,133.1786096234634,48,49,54,75,112,160,0.0,0.0,0.2631578947368421,0.5789473684210527,1795.4650802339568,715.8058426482445,512378.0043693633,nuc
582,582,6,277,1922,54,130.68897179465614,72.35744519412384,29,36,41,58,88,144,0.0,0.1333333333333333,0.4,0.6666666666666666,1347.6545294038265,660.7499164444677,436590.45208137104,nuc
583,583,60,2456,1161,196,93.14474808461624,110.95234800913666,87,91,98,116,214,300,0.0,0.0,0.0,0.2916666666666667,1504.9374629002434,639.5992589527629,409087.2120529234,nuc
584,584,40,1493,1024,9,288.2713299784217,323.7583722130875,23,29,94,139,212,237,0.0,0.1304347826086956,0.1304347826086956,0.1739130434782608,1081.833364475813,409.6974764101647,167852.02217685748,cyto
585,585,6,312,1926,26,162.115390792177,107.52885813067417,33,33,36,50,81,122,0.0,0.1666666666666666,0.4666666666666667,0.7333333333333333,1327.2998809322833,655.1136891314195,429173.9456873782,nuc
586,586,33,1410,928,115,120.8730039757073,89.79488987680239,84,87,97,110,129,160,0.0,0.0,0.0,0.3684210526315789,1102.2420445998257,418.7191493470488,175325.7260299161,nuc
587,587,5,184,1345,103,76.20959808913688,36.68513701978075,52,68,84,94,158,219,0.0285714285714285,0.0285714285714285,0.1428571428571428,0.2857142857142857,1351.4950572520463,619.9408467452681,384326.65346324,nuc
588,588,44,1724,332,66,142.87457268654308,130.46757333895548,22,37,44,53,147,195,0.0,0.1333333333333333,0.2666666666666666,0.4,1485.251498687251,596.4911745662798,355801.72133546014,nuc
589,589,45,1584,1756,18,155.26492366277222,155.42239082624738,28,37,37,64,89,130,0.0434782608695652,0.1739130434782608,0.4347826086956521,0.6956521739130435,1036.0039050444382,503.6451998137212,253658.48729540317,nuc
590,590,49,1859,814,27,77.99656669520407,85.191302930133,106,106,121,122,174,188,0.0,0.0,0.0,0.1,1266.7959808829244,524.7528390471588,275365.5420880533,nuc
591,591,43,1565,1970,27,174.79940861869264,173.0567779870094,39,64,66,74,122,151,0.0,0.0869565217391304,0.3043478260869565,0.4782608695652174,1089.0435529093504,557.746343743416,311080.98395914875,nuc
592,592,13,551,917,47,105.73613056793369,96.81013718737437,61,65,65,72,142,217,0.0,0.0,0.25,0.3333333333333333,1241.955392531762,541.715248776189,293455.4107566484,nuc
593,593,18,609,516,30,42.9126255934667,44.73458916431156,27,34,34,43,68,88,0.0,0.2307692307692307,0.6153846153846154,0.9230769230769232,1399.019346033603,616.6655203127458,380276.36394258944,nuc
594,594,17,482,1305,34,214.31291925588903,166.09805686127615,24,24,25,36,49,85,0.0,0.3333333333333333,0.6666666666666666,1.3333333333333333,1178.6663405410525,541.6774504769631,293414.4603552228,nuc
595,595,5,457,1364,12,249.37708616949408,274.8559555239016,33,58,73,87,140,178,0.0,0.0857142857142857,0.2285714285714285,0.3714285714285714,1184.7637565233497,552.5168960316267,305274.9204004234,cyto
596,596,24,1035,1709,50,128.61884244641587,114.7643901946526,93,96,98,111,143,169,0.0,0.0,0.0,0.3571428571428571,1009.6196992819166,442.2735615661217,195605.90326038204,nuc
597,597,52,2308,2428,27,137.39852438232393,221.33830460680227,72,73,82,106,184,243,0.0,0.037037037037037,0.1481481481481481,0.2592592592592592,1645.1239776723328,733.0744367090282,537398.129756259,nuc
598,598,55,2284,2032,78,124.47552819264688,133.14880593814718,65,81,89,99,149,200,0.0,0.0,0.0666666666666666,0.3333333333333333,1444.642884499828,689.829271251036,475864.4234747354,nuc
599,599,6,53,1834,54,119.60980604190948,173.78696940646546,113,159,172,188,229,273,0.0,0.0,0.0,0.0666666666666666,1482.717109386548,674.8460674121951,455417.214701705,cyto
600,600,5,448,1333,8,249.0592365637272,269.71409171293567,33,45,59,93,137,174,0.0,0.0571428571428571,0.2285714285714285,0.3428571428571428,1192.3241246882194,553.8769998984944,306779.73101655685,cyto
601,601,31,1026,217,20,235.3919073513362,204.77155685122892,113,114,117,147,221,243,0.0,0.0,0.0,0.2,1497.3869287416137,623.3288064744769,388538.80098089593,cyto
602,602,43,1710,2049,38,94.57890498389642,93.80281919322591,29,44,44,75,145,162,0.0434782608695652,0.0869565217391304,0.2608695652173913,0.391304347826087,1158.8545812351408,601.9764360727646,362375.6295868673,nuc
603,603,3,31,454,32,204.72599975732712,204.46611206671403,17,34,43,50,83,132,0.0526315789473684,0.1052631578947368,0.4736842105263157,0.6842105263157895,1735.885462674594,706.3880714528282,498984.1074908459,nuc
604,604,5,158,1425,159,55.81224928538648,49.88814026297063,85,89,101,127,184,226,0.0,0.0,0.0285714285714285,0.2,1365.3683771568633,627.544405032279,393811.98028731695,nuc
605,605,62,2444,1825,79,117.83477034572743,66.89212809942035,24,56,56,133,153,195,0.0,0.0769230769230769,0.1538461538461538,0.2307692307692307,1500.3943019229189,685.3795926467872,469745.1860166759,nuc
606,606,43,1630,1911,67,119.57365104439565,118.10000691141784,23,32,55,73,102,122,0.0434782608695652,0.1304347826086956,0.3043478260869565,0.7391304347826086,1085.039816407908,554.6011207554778,307582.40314323205,nuc
607,607,19,774,2080,55,111.33346832353432,83.79867048265298,52,52,87,94,118,158,0.0,0.0,0.1,0.5,1178.512396131312,581.9072194666356,338616.0120673913,nuc
608,608,28,941,127,29,250.045448780708,220.8564533915433,93,93,93,105,122,125,0.0,0.0,0.0,0.3333333333333333,1574.9966242576568,648.3019628526644,420295.43503861735,cyto
609,609,9,310,2473,134,137.48805881838013,109.72767688273125,112,144,150,170,211,240,0.0,0.0,0.03125,0.0625,1589.2322929793986,711.0534372122938,505596.9905714176,nuc
610,610,43,1695,2042,48,94.04663018535136,93.0073439341347,38,44,50,73,133,159,0.0434782608695652,0.0869565217391304,0.2608695652173913,0.4782608695652174,1151.1885981674716,597.8581087083783,357434.318148359,nuc
611,611,21,1051,657,46,189.9374770280656,245.17652887097856,68,87,90,93,111,120,0.0,0.0,0.0714285714285714,0.7857142857142857,1217.5373866566888,508.6111988122837,258685.35155726835,cyto
612,612,14,511,1724,65,116.19860214629324,81.62118039080833,62,62,93,115,154,183,0.0,0.0,0.1379310344827586,0.2758620689655172,1173.7612240607464,573.0067463831062,328336.7314005534,nuc
613,613,45,1670,1768,66,87.66017391565865,86.07660054797323,49,51,55,58,93,139,0.0,0.0434782608695652,0.3478260869565217,0.6956521739130435,1061.0327407325112,526.1773382645403,276862.5913031564,nuc
614,614,31,959,391,17,234.02819391868863,240.34921310239423,64,77,90,108,159,188,0.0,0.0,0.12,0.36,1383.798383827524,594.7946922876664,353780.7259735798,cyto
615,615,37,1493,1591,98,88.28541967817927,56.64975753927893,43,44,44,98,145,154,0.0,0.0,0.2307692307692307,0.3846153846153846,1000.654666906851,437.4945387758389,191401.471458684,nuc
616,616,2,98,42,60,7.680172225341789,25.16477561509237,42,42,42,42,42,78,0.0,0.0,1.0,2.0,1949.948950120145,730.0887999906237,533029.6558717489,nuc
617,617,57,2241,858,18,168.99866846489294,142.1730755386799,22,25,26,29,55,123,0.0,0.4,0.6,0.7333333333333333,1442.133695853947,610.3228934101327,372494.03422051616,nuc
618,618,49,1587,739,11,251.7125051262369,298.53889916781543,80,80,121,137,144,160,0.0,0.0,0.1,0.1,1214.412724442919,487.2927514091776,237454.2255759266,cyto
619,619,8,380,665,52,136.54601597301627,110.08798097180674,110,128,199,203,233,247,0.0,0.0,0.0,0.0714285714285714,1426.213004951096,624.4478743829612,389935.14782139857,nuc
620,620,40,1761,1260,51,154.84588055289376,126.20033887340102,88,104,109,122,188,250,0.0,0.0,0.0434782608695652,0.217391304347826,1094.7153849466283,460.95040899681845,212475.27955433424,nuc
621,621,23,862,2477,76,51.74131924920583,87.85019137845474,26,42,42,58,81,141,0.0,0.0833333333333333,0.4166666666666667,0.6666666666666666,1376.507782400597,655.4672867256212,429637.3639674477,nuc
622,622,24,1144,1589,34,272.2226568088173,265.30526031467326,29,32,32,50,88,161,0.0,0.2142857142857142,0.3571428571428571,0.5,985.0971256460108,402.4086404953399,161932.7139453077,cyto
623,623,10,617,19,26,179.44656887603895,177.8050749427032,9,11,11,27,46,79,0.1818181818181818,0.4545454545454545,0.8181818181818182,1.181818181818182,1732.7453466931852,698.3929269714054,487752.6804436868,cyto
624,624,24,952,1628,61,105.2516363327777,112.38082733655484,36,48,64,112,163,196,0.0,0.0714285714285714,0.2142857142857142,0.3571428571428571,1013.9187300480532,434.68031720273206,188946.97816346772,nuc
625,625,57,2141,630,30,171.560648230069,150.230886192986,34,39,52,151,222,242,0.0,0.1333333333333333,0.2,0.2,1484.5739918261438,610.1074689714334,372231.1236947285,nuc
626,626,11,344,1930,3,117.44202635898988,134.13335772701328,18,18,33,33,44,54,0.125,0.25,1.75,2.375,1309.77541545523,649.1067650965992,421339.5924941717,cyto
627,627,60,2514,1074,138,136.31157613990942,164.3866018147523,58,67,80,92,243,300,0.0,0.0416666666666666,0.2083333333333333,0.3333333333333333,1566.2575276407772,649.3036832367048,421595.2730647511,nuc
628,628,55,2367,2104,14,204.98526223544647,215.75977130732517,39,47,97,110,159,168,0.0,0.0666666666666666,0.1333333333333333,0.2666666666666666,1527.8940420782312,707.9124391595349,501140.0215168021,nuc
629,629,43,1627,2017,64,126.47838054984184,124.82112828954436,60,73,78,89,107,137,0.0,0.0,0.1739130434782608,0.6521739130434783,1121.5738977404935,580.2892809984231,336735.6496416669,nuc
630,630,52,2161,2380,131,52.10117492504251,68.78762705525712,52,73,89,95,149,190,0.0,0.0,0.1111111111111111,0.3333333333333333,1529.3829114764064,718.9910503940924,516948.1305468003,nuc
631,631,26,1217,1414,78,218.9198470067541,218.8367653854967,72,84,86,153,203,259,0.0,0.0,0.08,0.16,983.7298168152986,365.8890222722997,133874.77661937944,cyto
632,632,40,1491,1046,27,269.1355593340783,305.5145837576837,35,41,97,146,226,245,0.0,0.0869565217391304,0.1304347826086956,0.1739130434782608,1074.833312086579,405.2916400200767,164261.31347016347,cyto
633,633,60,2565,1116,142,183.97663674590703,210.1113149904101,43,45,67,118,252,300,0.0,0.0416666666666666,0.1666666666666666,0.25,1596.41241547373,656.5056614543205,430999.6835215748,nuc
634,634,40,1582,1461,17,175.0218145171432,163.7927242543262,31,61,67,85,158,208,0.0,0.0869565217391304,0.217391304347826,0.391304347826087,1018.567319901458,431.25221710233455,185978.4747556791,nuc
635,635,14,550,1683,121,77.99009336496331,39.34734538910593,57,78,108,130,153,179,0.0,0.0,0.1034482758620689,0.2068965517241379,1149.3016073899337,555.2524453805657,308305.2781010982,nuc
636,636,42,1678,2349,25,122.72901990949636,127.79109923402356,57,57,73,83,100,153,0.0,0.0,0.2,0.5,1303.96884457977,658.7949238999089,434010.7517562867,nuc
637,637,60,2389,862,9,243.4347674396457,255.6008911669597,69,74,109,116,161,199,0.0,0.0416666666666666,0.125,0.25,1537.5850446625664,635.7073785257722,404123.8711121095,nuc
638,638,1,126,1215,40,171.24397064025297,113.13985730855016,50,50,50,94,108,116,0.0,0.0,0.2,1.2,1408.920427292042,625.7234375522512,391529.820302206,nuc
639,639,14,359,1700,29,190.3300617797479,184.8750942549373,30,38,59,102,188,215,0.0,0.1034482758620689,0.2413793103448276,0.2758620689655172,1250.2932583748898,610.2696011510795,372428.98608909774,cyto
640,640,55,2064,2081,95,101.81093876104318,92.36556155712768,100,146,149,155,175,215,0.0,0.0,0.0,0.0666666666666666,1329.1515972434493,665.2751291311265,442590.997440437,nuc
641,641,9,161,2624,14,344.0104595065753,319.20759494610223,42,107,107,213,259,300,0.0,0.03125,0.09375,0.15625,1771.458771712711,726.1536458082627,527299.1173206319,nuc
642,642,37,1385,1395,24,172.43616310042745,195.93436476939465,37,46,46,136,169,196,0.0,0.0769230769230769,0.2307692307692307,0.2307692307692307,991.7314184634156,376.99520148071446,142125.38193948448,cyto
643,643,54,2107,185,107,173.7483032933514,31.78106318992721,42,72,73,134,170,226,0.0,0.0454545454545454,0.1818181818181818,0.1818181818181818,1730.4708302407548,661.1904301013547,437172.7848576143,nuc
644,644,11,377,1997,18,129.44944013499924,143.6852636594273,24,24,40,40,50,60,0.0,0.25,1.375,2.75,1313.1488232951988,652.4208650667264,425652.9851744156,cyto
645,645,58,2253,1939,4,187.8070211608406,188.45122153099825,71,71,71,90,99,159,0.0,0.0,0.1666666666666666,0.6666666666666666,1394.1502502873673,672.7021748460996,452528.21604267246,nuc
646,646,62,2488,1993,130,75.24262934110712,119.75810171656758,28,44,44,101,165,182,0.0,0.0769230769230769,0.2307692307692307,0.3076923076923077,1577.6548847390654,706.9698123487924,499806.3155724867,nuc
647,647,51,2040,1633,86,52.20742374064413,50.06541088069017,57,59,71,89,120,166,0.0,0.0,0.2083333333333333,0.5,1203.46570551435,586.1403428338442,343560.5014973764,nuc
648,648,14,540,1551,147,59.44072365415842,95.3563076328664,61,84,124,133,177,187,0.0,0.0344827586206896,0.0689655172413793,0.1034482758620689,1141.5207860183716,540.3454564093021,291973.212262177,nuc
649,649,6,151,2068,14,225.0775551168362,158.6113428282262,40,45,77,95,154,178,0.0,0.0666666666666666,0.1666666666666666,0.2666666666666666,1480.8683378739472,693.1258979005407,480423.5103404308,nuc
650,650,3,79,441,35,178.38900103254036,180.66872392796265,25,26,34,54,63,107,0.0,0.1578947368421052,0.5789473684210527,0.8421052631578947,1711.368524242814,704.27035664872,495996.73525411537,nuc
651,651,20,865,287,61,105.55240451638213,140.07014660318066,52,80,83,86,125,164,0.0,0.0,0.1333333333333333,0.4666666666666667,1469.961865325598,629.8383500007026,396696.3471316075,cyto
652,652,38,1457,2228,67,143.0601326810066,140.55454494911817,87,106,107,141,164,203,0.0,0.0,0.0,0.2222222222222222,1187.6352047652308,607.6214969008554,369203.8834960362,nuc
653,653,19,806,2040,8,160.55728377709138,131.97812089580293,52,52,90,92,114,152,0.0,0.0,0.1,0.5,1152.295560257531,566.8568683253868,321326.7091676649,nuc
654,654,44,1856,192,48,147.25173269205513,107.09753344214724,104,109,112,136,169,193,0.0,0.0,0.0,0.2,1623.595924207607,634.0013858305504,401957.7572350584,nuc
655,655,39,1460,2613,80,106.55474942122925,119.28260146617896,65,65,96,100,110,121,0.0,0.0,0.1,0.7,1440.9198972558163,681.2051061070514,464040.3965863192,nuc
656,656,18,576,510,16,61.03192882047489,54.677110995960845,34,52,52,56,78,98,0.0,0.0769230769230769,0.5384615384615384,0.7692307692307693,1415.2154260606942,622.982620418012,388107.3453428928,nuc
657,657,26,907,1438,134,97.74467347963156,95.24327245199405,31,48,93,124,176,208,0.04,0.08,0.12,0.24,1018.2927816780656,412.7600891221391,170370.8911721162,nuc
658,658,47,1852,1201,56,82.38596615329178,85.3907728976114,22,22,22,22,39,114,0.0,0.5,0.5,1.0,1141.071654160464,487.4139820907065,237572.38993751956,nuc
659,659,62,2420,1956,72,97.8317817472424,108.57925002757293,70,78,78,105,121,141,0.0,0.0,0.1538461538461538,0.4615384615384615,1515.569270721585,696.9010916651316,485671.1315640522,nuc
660,660,14,491,1429,40,183.16370434090345,221.85772396074205,52,53,75,112,132,169,0.0,0.0,0.1724137931034483,0.4137931034482758,1164.0029803337648,545.2203643446924,297265.24569615914,cyto
661,661,54,2590,18,300,341.79876784334203,485.4521342840757,69,149,292,300,300,300,0.0,0.0,0.0909090909090909,0.0909090909090909,2115.0003088489552,695.342405878512,483501.0614129173,cyto
662,662,52,2025,2440,68,198.55359856438295,127.50768290732768,49,63,100,114,182,214,0.0,0.0,0.1111111111111111,0.2592592592592592,1494.4480557802974,710.9480735355381,505447.163263893,nuc
663,663,8,118,614,74,130.37983740688895,180.11262012455478,43,43,111,134,147,158,0.0,0.0,0.1428571428571428,0.2142857142857142,1601.4350642103798,676.0036013960611,456980.8691004447,nuc
664,664,10,564,26,79,131.88780358134824,127.87553994528804,29,46,46,54,65,116,0.0,0.0909090909090909,0.5454545454545454,0.8181818181818182,1745.3474307523873,701.6425856170821,492302.3179514244,nuc
665,665,8,42,774,23,243.9162728219406,312.6931307198865,16,20,28,33,159,236,0.1428571428571428,0.3571428571428571,0.4285714285714285,0.4285714285714285,1586.4114823679126,665.3768566397551,442726.3613518012,cyto
666,666,23,895,2340,28,128.64203151647513,113.96773621219135,45,53,53,105,130,170,0.0,0.0,0.1666666666666666,0.3333333333333333,1281.0699595442868,626.8654022719894,392960.2325656231,nuc
667,667,60,2174,961,56,252.614156583544,237.7690703170936,49,58,62,81,127,204,0.0,0.0,0.2083333333333333,0.4166666666666667,1366.8580939765934,587.0963725718877,344682.1506870688,nuc
668,668,42,1755,2108,29,134.6773868506654,128.62154141213995,46,46,75,77,91,124,0.0,0.0,0.3,0.6,1199.8150773382529,621.8683809592422,386720.28323686926,nuc
669,669,52,1930,2249,64,285.39778218312944,197.2015380614981,95,98,105,119,190,225,0.0,0.0,0.0,0.2592592592592592,1339.7347914951422,674.3187496691731,454705.776155397,nuc
670,670,22,891,16,15,122.01075519909918,84.55391517698182,93,93,93,122,157,193,0.0,0.0,0.0,0.1818181818181818,1670.0890685576462,668.32864784115,446663.1815251798,nuc
671,671,9,280,2240,21,234.97918123723085,217.94655785314532,71,116,124,130,178,215,0.0,0.0,0.0625,0.125,1474.7666890733567,695.0050488416049,483032.0179153216,nuc
672,672,52,2144,2510,37,174.5385089343958,174.02205916302393,57,81,94,115,169,238,0.0,0.037037037037037,0.074074074074074,0.2592592592592592,1599.6544618465282,726.9900913700826,528514.5929502811,nuc
673,673,52,2122,2408,130,99.89785928249174,69.70716939089145,57,72,97,105,137,197,0.0,0.0,0.1111111111111111,0.3703703703703703,1524.2708100383636,717.873927893695,515342.976349522,nuc
674,674,26,1089,1541,7,164.9322542201399,158.97446020896226,55,62,73,107,181,228,0.0,0.0,0.16,0.28,988.083395391397,395.52469857980304,156439.78718664404,nuc
675,675,40,1509,1010,7,295.3682064863111,329.25522736361467,41,46,81,129,204,228,0.0,0.0434782608695652,0.1304347826086956,0.1739130434782608,1089.1027470042775,415.20278935121786,172393.3562850318,cyto
676,676,50,1751,2453,5,188.0181694517217,190.0312659258556,35,35,35,61,82,99,0.0,0.2,0.4,1.2,1392.4158339864584,683.3323524105119,466943.1038508841,cyto
677,677,5,436,1290,6,255.883818442335,269.36361977504464,30,49,65,100,150,188,0.0,0.0571428571428571,0.2,0.3714285714285714,1203.812802620247,555.831776726193,308948.9640185964,nuc
678,678,17,459,1307,12,236.5157465596764,187.45987354299365,24,24,29,29,45,81,0.0,0.4444444444444444,0.6666666666666666,1.2222222222222223,1189.766683060071,549.2931998645043,301723.0194173863,nuc
679,679,56,1923,1423,26,207.771309978394,208.46378864721584,30,30,84,99,131,143,0.0,0.1111111111111111,0.1111111111111111,0.4444444444444444,1141.9971348810263,523.0111164854679,273540.62796737574,nuc
680,680,5,126,1331,64,121.26261677720332,76.04576192728518,60,100,116,130,194,251,0.0285714285714285,0.0285714285714285,0.0857142857142857,0.2,1394.0274942587705,628.881648994343,395492.128441844,nuc
681,681,54,2181,27,257,164.72607224845697,143.34748426619157,41,64,83,97,199,300,0.0,0.0454545454545454,0.1363636363636363,0.3636363636363636,1877.5204006949564,679.9208980142229,462292.4275564672,nuc
682,682,52,2230,2403,78,66.33722786295145,140.03201240599685,32,63,74,82,165,209,0.037037037037037,0.074074074074074,0.1851851851851851,0.4444444444444444,1582.570388645199,726.9380340167044,528438.9053000712,nuc
683,683,22,798,16,107,64.6655245316591,36.81087485301266,64,73,73,93,106,137,0.0,0.0,0.1818181818181818,0.5454545454545454,1687.2993030075709,679.1412189834291,461232.7953222981,nuc
684,684,36,1461,1982,25,78.701897017196,78.24858271605818,40,40,47,65,105,113,0.0,0.1111111111111111,0.3333333333333333,0.7777777777777778,1074.954750008591,544.2835285859724,296244.559489997,nuc
685,685,39,1524,2620,94,55.19361629948433,66.45354743877223,44,44,65,113,138,161,0.0,0.0,0.2,0.3,1456.109748316136,685.4034562311842,469777.8978136529,nuc
686,686,22,684,103,28,105.54706158472246,139.99106425775824,17,53,53,79,90,101,0.0909090909090909,0.0909090909090909,0.3636363636363636,1.0909090909090908,1647.8246593602837,682.244983284832,465458.21721732063,cyto
687,687,24,1063,1621,72,186.368579785663,181.15710394508065,50,59,77,85,104,142,0.0,0.0,0.2142857142857142,0.6428571428571429,995.3153902381276,416.59809979953707,173553.97675658506,nuc
688,688,3,21,523,22,272.73996898897275,273.139367608065,43,52,70,79,132,163,0.0,0.0,0.2631578947368421,0.4210526315789473,1708.165013865853,698.3966127098702,487757.8286446203,cyto
689,689,9,287,2141,2,312.7472998684058,301.5345313149123,36,58,58,80,123,155,0.0,0.0625,0.25,0.4375,1422.842198715179,685.9577856147484,470538.0836454891,cyto
690,690,40,1720,1415,130,168.8394595868951,129.14149927633463,76,92,93,130,162,199,0.0,0.0,0.0869565217391304,0.1739130434782608,1060.540290324795,462.6030690997974,214001.59954055192,nuc
691,691,8,197,742,97,113.11393456287692,179.50861772835864,92,121,143,145,159,186,0.0,0.0,0.0,0.0714285714285714,1496.7296684948528,645.7878313169176,417041.9230770076,cyto
692,692,24,1014,1616,63,151.36123571310114,150.8111346172463,29,50,64,96,105,175,0.0,0.0714285714285714,0.2142857142857142,0.5714285714285714,1001.8245232787468,421.6739692845306,177808.9363721713,nuc
693,693,31,1270,593,28,223.70736404522177,268.6491044166514,37,68,72,105,214,234,0.04,0.08,0.24,0.28,1246.0711119200375,510.3734973678223,260481.1068154625,nuc
694,694,17,555,1390,10,207.08360183388368,180.128519200395,33,33,75,96,105,116,0.0,0.1111111111111111,0.2222222222222222,0.7777777777777778,1136.6479038905466,520.8168247982389,271250.1649929195,cyto
695,695,14,426,1500,41,147.79113184298933,182.95106846361065,39,53,66,101,142,169,0.0,0.0689655172413793,0.1724137931034483,0.3448275862068966,1196.2402694986718,571.040728503893,326087.5136102568,cyto
696,696,41,1789,435,6,133.64817660286974,117.8914172743128,61,61,61,61,61,61,0.0,0.0,2.0,7.0,1439.308767057366,584.2025756893623,341292.6494420852,nuc
697,697,29,1186,1874,38,67.27747575774602,62.70544865487082,25,41,41,63,84,101,0.0,0.0909090909090909,0.4545454545454545,1.181818181818182,1028.6502118528963,487.18092828057866,237345.2568803263,nuc
698,698,37,1515,1646,68,133.3939418846659,99.82593335583104,60,88,88,93,105,116,0.0,0.0,0.0769230769230769,0.7692307692307693,1007.9585054323468,456.9534217463664,208806.42964571255,nuc
699,699,7,189,293,34,80.75091327394315,80.07369548803572,25,25,25,72,95,99,0.0,0.2,0.4,0.8,1731.3776556766602,708.3364235596351,501740.4889412548,nuc
700,700,51,1811,1570,17,235.69786084328584,235.90551481813935,72,73,86,99,125,145,0.0,0.0,0.125,0.375,1089.408037962609,516.3448968691611,266612.0525228246,nuc
701,701,26,1041,1515,36,119.6456402407448,112.91563877893854,103,105,109,127,180,203,0.0,0.0,0.04,0.2,993.551946612224,396.16157646760325,156943.99466929666,nuc
702,702,4,230,2103,37,210.46570316004545,237.0328438503463,39,40,42,49,85,109,0.0,0.1176470588235294,0.4705882352941176,0.8235294117647058,1441.7549123202034,689.4668591757393,475364.5499016586,cyto
703,703,10,623,53,19,170.4574037535927,172.05728410352307,27,35,35,38,54,68,0.0,0.2727272727272727,1.0,1.181818181818182,1704.4276298461675,694.5704043349375,482428.0465779986,cyto
704,704,45,1862,1694,20,131.92680062151044,130.89077342055853,38,40,45,78,99,131,0.0,0.1304347826086956,0.2608695652173913,0.6086956521739131,1120.4841558157684,555.2666351429507,308321.0361029747,nuc
705,705,9,621,2465,79,191.98351569537692,220.7880168190452,80,113,120,144,209,273,0.0,0.0,0.0625,0.15625,1441.500961550314,677.350940777778,458804.2969725409,nuc
706,706,26,901,1408,163,97.46342759076587,97.22351034772544,31,38,87,101,164,231,0.0,0.12,0.12,0.36,1021.1989067486792,411.28701468201655,169157.0084460453,nuc
707,707,9,361,2463,186,87.70774971263539,62.77409105113868,124,155,156,160,199,235,0.0,0.0,0.03125,0.03125,1555.8157664519438,705.948929882712,498363.8916025462,nuc
708,708,53,1970,453,99,189.8220051335377,127.89913236945426,72,72,72,129,142,144,0.0,0.0,0.2,0.2,1497.6713089383827,607.0041777616228,368454.0718200638,nuc
709,709,62,2390,1839,34,146.93744614818968,106.0057520983387,56,67,67,82,134,183,0.0,0.0,0.2307692307692307,0.3076923076923077,1463.417285545331,680.0167051303184,462422.7192562945,nuc
710,710,43,1602,1979,56,138.8900578408529,137.14050162772875,46,52,56,64,115,142,0.0,0.0434782608695652,0.3043478260869565,0.5217391304347826,1100.7769691372166,566.6266159928894,321065.72195155325,nuc
711,711,45,1652,1813,23,133.86808761600196,131.79907659443592,30,44,49,80,101,117,0.0,0.0869565217391304,0.2608695652173913,0.8695652173913043,1065.0379121346457,533.7564380117973,284895.93511904165,nuc
712,712,3,110,137,32,128.47171228475094,124.96096289751624,19,41,66,96,210,255,0.0526315789473684,0.0526315789473684,0.1578947368421052,0.3157894736842105,1877.5798523690771,725.8197476072759,526814.3060166896,nuc
713,713,4,187,2094,12,198.54855644023877,228.0540099662973,36,44,45,65,91,131,0.0,0.0588235294117647,0.2941176470588235,0.7058823529411765,1466.4645512989694,692.6564839816223,479773.0048017834,cyto
714,714,4,226,2286,11,112.12967234172184,113.14577978889984,71,88,102,131,171,198,0.0,0.0,0.0588235294117647,0.1764705882352941,1531.303199304275,703.7456314246891,495257.91374933446,nuc
715,715,50,2116,2592,16,208.37613111234992,205.9565533806696,87,87,87,125,140,149,0.0,0.0,0.0,0.2,1640.2429980726122,727.913996766868,529858.7866891159,nuc
716,716,18,582,578,61,36.25064806896299,25.050543934657167,16,18,18,30,54,69,0.1538461538461538,0.3076923076923077,0.7692307692307693,0.9230769230769232,1375.7554724260272,607.4277905824972,368968.5207719341,nuc
717,717,20,877,473,65,164.11381785237302,147.14319449975238,16,20,24,49,96,170,0.1333333333333333,0.2,0.4,0.6666666666666666,1346.2976602366996,585.7356055134074,343086.1995661581,nuc
718,718,29,1185,1914,29,103.7929821276057,98.67207132906408,34,41,41,47,83,111,0.0,0.0909090909090909,0.4545454545454545,1.0909090909090908,1040.2980719738318,500.05387347818487,250053.8763805365,nuc
719,719,21,964,725,134,84.27392130628823,153.1226183702824,33,60,63,65,102,178,0.0,0.0714285714285714,0.4285714285714285,0.5714285714285714,1195.8184456168624,498.9901986270691,248991.21832588187,cyto
720,720,23,868,2452,61,47.41290471236456,75.63296879609517,26,39,39,39,71,116,0.0,0.25,0.5833333333333334,0.75,1358.2689911317962,650.8378779273039,423589.9433449161,nuc
721,721,9,419,2612,248,196.3146926626116,194.0835716089995,25,49,74,115,177,284,0.03125,0.0625,0.1875,0.25,1625.3418444545396,712.7636333803094,508031.9970695001,cyto
722,722,43,1900,2020,13,171.69267343464662,173.21871710405293,86,88,98,114,170,199,0.0,0.0,0.0434782608695652,0.2608695652173913,1222.2645646595247,627.8806765345485,394234.1439654823,nuc
723,723,37,1571,1489,7,179.86726456458473,164.41189566037724,26,31,31,49,89,129,0.0,0.2307692307692307,0.3846153846153846,0.6923076923076923,1014.8718137133534,433.7431611755828,188133.1298665876,nuc
724,724,57,2176,592,12,162.30985430424874,152.79584600530228,52,56,76,124,248,255,0.0,0.0,0.2,0.2,1522.9355606292618,620.0577085812897,384471.5619710796,nuc
725,725,17,600,1262,103,88.85245480152413,46.05478334982852,104,104,126,136,149,167,0.0,0.0,0.0,0.1111111111111111,1132.515093069054,499.66597493154137,249666.08650428773,nuc
726,726,52,2066,2415,105,150.59672527328533,83.97742335861001,57,81,102,111,168,195,0.0,0.0,0.074074074074074,0.2592592592592592,1499.2507500648924,712.8267079675503,508121.9155918553,nuc
727,727,51,1990,1843,12,164.76773433381155,166.7690068155624,81,83,89,102,166,197,0.0,0.0,0.0416666666666666,0.2916666666666667,1211.3046834816269,611.1274800774424,373476.7969058048,nuc
728,728,47,1750,1039,18,173.43746487696268,180.8420809563085,28,28,28,73,77,118,0.0,0.1666666666666666,0.5,0.8333333333333334,1143.6016707941014,467.0951273787901,218177.8580210081,nuc
729,729,34,1565,1817,28,183.6238579471512,183.33484281696488,48,64,79,88,101,116,0.0,0.0,0.1578947368421052,0.9473684210526316,1044.2502254435533,516.1074904431621,266366.94169153867,nuc
730,730,13,402,1008,79,129.6611972718978,153.04722278236682,42,93,93,109,153,199,0.0,0.0,0.0833333333333333,0.4166666666666667,1284.4711677280884,570.5596144131093,325538.273599236,nuc
731,731,44,1868,303,21,195.2921633816225,154.30591156793892,32,53,95,100,147,172,0.0,0.0666666666666666,0.1333333333333333,0.4,1551.1053486169842,618.9638321472422,383116.2255063994,cyto
732,732,23,922,2304,38,163.65503085220644,140.8989988203044,45,98,98,119,141,158,0.0,0.0,0.0833333333333333,0.25,1253.863471242573,616.8365482638203,380487.3272740244,nuc
733,733,18,629,553,72,17.26790557194082,30.715649188002384,17,29,29,33,54,69,0.0769230769230769,0.3076923076923077,0.9230769230769232,0.9230769230769232,1371.0798506910796,605.2392308712028,366314.5265855651,nuc
734,734,62,2621,2185,54,285.2835997801906,338.0201521159075,110,186,186,209,267,300,0.0,0.0,0.0,0.0769230769230769,1749.656867681607,728.4480734267158,530636.595679094,nuc
735,735,46,1800,511,41,49.136056785381626,40.989828154399206,77,77,77,77,77,77,0.0,0.0,1.0,2.0,1397.8269250668454,569.9546990196129,324848.3589345375,nuc
736,736,20,814,290,112,65.79386082998084,105.4744727107027,52,84,95,115,141,177,0.0,0.0,0.0666666666666666,0.3333333333333333,1478.835353807243,635.4729927119046,403825.9244662243,cyto
737,737,9,324,2258,69,193.5499240331345,179.78266263187393,78,102,123,158,190,210,0.0,0.0,0.0625,0.125,1458.5612868502683,691.2706595502501,477855.1247550378,nuc
738,738,29,1139,1915,72,100.92636308364246,95.4065856078428,39,47,47,63,96,118,0.0,0.0909090909090909,0.2727272727272727,0.9090909090909092,1044.0201866354612,499.7955852133481,249795.62699875308,nuc
739,739,3,58,386,49,131.59051806526466,131.364497158709,19,21,35,51,74,128,0.0526315789473684,0.1578947368421052,0.5263157894736842,0.7368421052631579,1754.892841232445,711.8097049828712,506673.0561078021,nuc
740,740,20,881,197,3,180.41371565583108,219.7904382184832,55,92,93,97,147,177,0.0,0.0,0.0666666666666666,0.4,1531.5793261229978,644.4642199258309,415334.1307646097,cyto
741,741,34,1308,1896,86,85.43835791230114,85.78340387263,32,43,53,81,113,144,0.0,0.0526315789473684,0.2105263157894736,0.5263157894736842,1033.401832159018,500.7593616784964,250759.9383086552,nuc
742,742,62,2462,2090,77,175.59776986798724,218.57752056871564,93,96,96,101,135,188,0.0,0.0,0.0,0.3846153846153846,1591.1782544104688,714.1205115082354,509968.1049567837,nuc
743,743,31,946,302,18,259.83973394989243,249.1736069813704,59,61,83,116,176,210,0.0,0.04,0.12,0.32,1445.6249231700094,616.6482645063701,380255.0821187181,cyto
744,744,51,2006,1607,60,74.94969829815376,73.38217629769377,41,43,54,80,117,155,0.0416666666666666,0.0416666666666666,0.2916666666666667,0.5,1182.7583679798886,574.0997473896358,329590.51995284366,nuc
745,745,31,1276,514,22,155.13724610099624,196.7591197134825,49,80,99,151,222,267,0.0,0.0,0.12,0.16,1292.4186368103246,531.8449241803268,282859.02337637753,nuc
746,746,9,196,2601,35,302.2353951196403,277.66422987986,42,144,147,186,297,300,0.03125,0.03125,0.09375,0.09375,1735.6607039848857,724.3898889010551,524740.7111420829,cyto
747,747,52,2226,2465,25,123.63189794001124,173.83884656443615,28,42,63,90,168,240,0.0,0.074074074074074,0.2222222222222222,0.4444444444444444,1617.0440456960202,730.8300172298362,534112.5140841628,nuc
748,748,6,295,2016,37,211.402466681938,132.69050224907417,39,43,45,61,80,99,0.0,0.0666666666666666,0.5,1.0,1366.8883723844406,671.294663004148,450636.5245778526,nuc
749,749,18,583,600,44,50.83914048557619,43.45096899388245,21,23,23,43,66,91,0.0,0.2307692307692307,0.6153846153846154,0.9230769230769232,1364.053693465171,602.0202508960726,362428.3824889703,nuc
750,750,7,115,391,10,148.998264688801,131.92254319876932,27,27,27,35,41,53,0.0,0.4,1.8,3.0,1716.388393204826,706.3901735854034,498987.0773380164,nuc
751,751,7,139,344,20,115.96482171896793,102.91309140186551,34,34,34,53,59,72,0.0,0.2,1.2,2.2,1729.2164336297017,708.6341450192356,502162.351487143,nuc
752,752,51,1892,1661,23,128.5613178314788,129.47431922849765,39,45,52,57,86,111,0.0,0.0833333333333333,0.4166666666666667,0.7916666666666666,1130.0133090268705,556.3999127937176,309580.8629568565,nuc
753,753,3,76,380,31,119.70258095487304,120.86081230659596,19,39,41,47,73,132,0.0526315789473684,0.1052631578947368,0.5263157894736842,0.7368421052631579,1746.8109070391747,711.0508510531753,505593.3127834448,nuc
754,754,2,57,45,58,45.48253286644236,27.318979787044245,42,42,42,42,42,78,0.0,0.0,1.0,2.0,1971.470821128849,731.530978461271,535137.5724485046,nuc
755,755,10,591,16,52,159.34950830367058,156.14735356661484,18,27,27,29,56,72,0.0909090909090909,0.3636363636363636,0.8181818181818182,1.0909090909090908,1743.7252445318045,700.6062295458694,490849.0888784795,cyto
756,756,1,196,921,58,142.6672622529481,221.6903504418769,25,25,25,123,180,213,0.0,0.2,0.2,0.2,1432.849290931202,624.2670300641304,389709.3248250898,cyto
757,757,55,2346,2263,3,265.46669647499056,275.53657189594185,39,80,98,116,163,178,0.0,0.0666666666666666,0.1333333333333333,0.2666666666666666,1582.633170018483,722.3108703125134,521732.9933716205,nuc
758,758,6,18,1666,19,235.44299910001493,314.24623687242257,46,111,172,260,300,300,0.0,0.0333333333333333,0.0666666666666666,0.1,1481.061351550666,662.1960788747847,438503.64687714,cyto
759,759,8,118,571,33,145.18561831859827,180.1924251597817,43,43,75,109,136,162,0.0,0.0,0.2142857142857142,0.4285714285714285,1621.3879006257705,682.1114406625038,465276.0174826764,nuc
760,760,4,15,1988,16,307.11604319655976,337.88344871430576,77,101,106,134,188,244,0.0,0.0,0.0588235294117647,0.1764705882352941,1552.8955789372692,692.9669019879826,480203.1272508223,cyto
761,761,45,1625,1701,52,105.55671361313507,107.1177298134449,28,39,44,69,116,131,0.0,0.1304347826086956,0.3043478260869565,0.6086956521739131,1037.7888316162537,498.20064653964704,248203.88421252236,nuc
762,762,9,531,2293,101,156.1422481940286,177.6431088412063,135,141,150,201,241,286,0.0,0.0,0.0,0.03125,1374.453145740344,664.1594476067851,441107.7718453499,nuc
763,763,51,2119,1637,74,109.15140560411147,107.33657251611888,80,99,117,134,169,207,0.0,0.0,0.0833333333333333,0.1666666666666666,1250.029789726403,604.0038182780758,364820.6124944947,nuc
764,764,5,255,1294,85,128.53624160884982,113.62329529645866,48,61,78,85,139,197,0.0,0.0285714285714285,0.2,0.3142857142857143,1309.1517985237397,603.949873974205,364755.4502734582,nuc
765,765,10,608,13,34,175.00788362747494,172.4534875671416,11,18,18,18,46,86,0.2727272727272727,0.3636363636363636,0.7272727272727273,1.0909090909090908,1740.400012776398,699.5758129476818,489406.31806140987,cyto
766,766,6,240,1845,73,67.81106041853062,81.76628845783203,42,45,86,108,144,193,0.0,0.0333333333333333,0.1333333333333333,0.3,1351.7709568283872,654.6967983844526,428627.8978148525,nuc
767,767,5,132,1510,104,124.47620124420672,137.99358157755134,89,126,162,171,207,260,0.0,0.0,0.0285714285714285,0.0571428571428571,1383.997110641363,636.1293841283102,404660.5933514633,cyto
768,768,18,567,587,45,53.74129499633734,42.12776333433713,18,21,21,47,71,83,0.0769230769230769,0.2307692307692307,0.6923076923076923,0.8461538461538461,1377.2078749220038,607.7614786483451,369374.0149288229,nuc
769,769,57,2229,876,1,190.06607982477163,162.0717862234283,22,26,37,40,48,104,0.0,0.3333333333333333,0.6666666666666666,0.8,1428.2019114495745,606.5553611172797,367909.4061001136,cyto
770,770,33,1242,805,82,92.47197372615992,130.25956286649514,28,53,113,144,181,196,0.0,0.0526315789473684,0.1052631578947368,0.1578947368421052,1140.0776587092662,446.52698811294266,199386.351113216,cyto
771,771,51,1987,1657,104,39.9066269610863,39.83813661856421,37,46,52,59,98,134,0.0,0.0833333333333333,0.375,0.625,1176.670125499494,578.4166629483018,334565.8359762494,nuc
772,772,10,618,27,25,176.40347360251462,175.48061155351218,9,18,18,27,46,76,0.1818181818181818,0.4545454545454545,0.8181818181818182,1.181818181818182,1726.154372304965,697.6300424662797,486687.6761515033,cyto
773,773,40,1790,1475,78,260.42975226877047,219.75054471448388,93,97,98,104,157,174,0.0,0.0,0.0434782608695652,0.2608695652173913,1081.8473205908228,492.5890644136445,242643.9863799096,nuc
774,774,5,64,1524,65,184.32612394554204,185.34435134170025,70,121,150,212,271,300,0.0,0.0,0.0571428571428571,0.0857142857142857,1434.8997912979146,646.5300752968003,418001.1382632863,cyto
775,775,8,253,670,168,30.915169462765668,88.76174270302472,30,92,128,147,217,240,0.0,0.0714285714285714,0.0714285714285714,0.1428571428571428,1493.6418968224923,646.8686080766106,418438.9961149716,nuc
776,776,54,2626,62,255,360.5659629885053,509.8173278632608,57,140,300,300,300,300,0.0454545454545454,0.0454545454545454,0.0909090909090909,0.0909090909090909,2109.543230464081,694.7714234110055,482707.33078855457,cyto
777,777,51,2113,1800,15,151.7813652755086,152.48443892612374,115,131,133,157,186,226,0.0,0.0416666666666666,0.0416666666666666,0.0833333333333333,1270.850288268808,627.7306761746964,394045.8018107416,nuc
778,778,5,330,1271,50,185.9152196955097,184.227871748556,27,78,86,106,140,175,0.0,0.0571428571428571,0.1428571428571428,0.3428571428571428,1265.6656497525344,585.2602460500215,342529.5556065316,cyto
779,779,25,1004,2042,111,30.44814599414007,30.74197603138076,97,102,102,120,139,156,0.0,0.0,0.0,0.2727272727272727,1107.5589762471443,542.9536487422197,294798.66468248965,nuc
780,780,26,877,1401,157,121.36616344710336,121.563870486388,46,48,69,99,140,226,0.0,0.04,0.24,0.36,1027.062420722262,417.2724913676741,174116.33205218564,nuc
781,781,5,272,1479,84,86.69863515720448,132.08673880135848,60,76,97,119,155,207,0.0,0.0,0.1142857142857142,0.2571428571428571,1287.120280524582,608.8862166901405,370742.4248752327,cyto
782,782,5,315,1417,99,102.0172379775564,136.9263150638698,35,60,76,91,138,170,0.0285714285714285,0.0571428571428571,0.2285714285714285,0.4,1260.9938462300795,595.7235089061153,354886.4990634144,nuc
783,783,5,251,1341,124,83.61532223860105,79.47750027138143,38,53,81,96,126,192,0.0,0.0571428571428571,0.1428571428571428,0.4571428571428571,1306.5992868552903,606.7633569288241,368161.7713115356,nuc
784,784,14,626,1635,96,103.33587231895028,90.80731396832944,60,75,84,105,193,239,0.0344827586206896,0.0344827586206896,0.1379310344827586,0.2758620689655172,1111.0759982830662,524.4818619184385,275081.22348143207,nuc
785,785,30,1080,2426,43,119.0872005690814,109.23572235101165,97,127,127,145,184,210,0.0,0.0,0.0,0.0833333333333333,1304.6752598535368,635.700511164593,404115.1398949248,nuc
786,786,26,878,1325,84,143.5299745727801,147.50767948811614,28,77,79,117,151,203,0.0,0.08,0.2,0.36,1034.2491268159936,411.8826766149047,169647.33929545814,nuc
787,787,8,39,759,37,238.6001440704436,306.76572911051426,16,18,22,27,159,232,0.1428571428571428,0.3571428571428571,0.4285714285714285,0.4285714285714285,1594.0529104993627,667.5971378789387,445685.93850415066,cyto
788,788,34,1328,1811,67,81.76104842608932,81.35793178566941,19,55,67,88,139,162,0.0526315789473684,0.0526315789473684,0.2105263157894736,0.3684210526315789,1012.5702484981954,475.0412865114019,225664.2238904078,nuc
789,789,52,2042,2228,50,195.41302989773405,128.7704600812398,114,130,149,176,197,225,0.0,0.0,0.037037037037037,0.074074074074074,1383.5828632127152,685.8629291476819,470407.9575790382,nuc
790,790,42,1741,2239,121,4.540915543683808,6.075766690377845,83,83,93,104,127,162,0.0,0.0,0.0,0.3,1260.1303602841588,646.1127651557276,417461.7052971805,nuc
791,791,34,1220,1966,22,195.434246920782,195.88559111758585,34,48,63,67,92,115,0.0,0.0526315789473684,0.3684210526315789,0.7894736842105263,1055.769743000424,517.6887642066114,268001.65658576845,nuc
792,792,31,954,281,29,259.7566122731871,245.06275195810457,66,81,90,111,166,210,0.0,0.04,0.08,0.32,1459.236038079266,619.9161361547233,384296.0158650014,cyto
793,793,13,426,1097,101,129.73711958742228,153.4907431714773,57,78,78,93,162,183,0.0,0.0,0.1666666666666666,0.4166666666666667,1247.428829997196,558.2837868738653,311680.7866862235,nuc
794,794,6,121,1924,57,95.04490778015382,83.87884667302801,78,80,113,129,166,192,0.0333333333333333,0.0333333333333333,0.1,0.1666666666666666,1454.5221317140306,679.7681022678036,462084.6728607711,nuc
795,795,43,1685,2006,85,71.85473436177801,70.37806647137276,50,51,60,75,104,144,0.0,0.0434782608695652,0.3043478260869565,0.5652173913043478,1133.8246626171442,587.8331013355506,345547.75502577174,nuc
796,796,28,1136,21,135,81.22149046259482,54.976444845940506,110,110,110,188,222,225,0.0,0.0,0.0,0.1666666666666666,1643.1088431060869,643.5633810616348,414173.82544348296,nuc
797,797,14,573,1724,92,124.42028284472462,86.13419981835884,62,62,86,121,155,196,0.0,0.0,0.1034482758620689,0.2413793103448276,1145.5184857582894,555.0223568192789,308049.81656922697,nuc
798,798,3,17,445,18,202.560424781864,201.38234618661613,17,49,52,59,88,139,0.0526315789473684,0.0526315789473684,0.4210526315789473,0.7368421052631579,1749.9900654417463,708.1547566780441,501483.1594057398,nuc
799,799,10,473,97,155,16.84079524890127,17.156836771822185,80,92,92,102,144,162,0.0,0.0,0.0909090909090909,0.4545454545454545,1726.665243667792,701.4263195390115,491998.8817420434,nuc
800,800,4,193,2367,5,118.42018206118006,95.8208226648622,38,54,88,158,217,245,0.0,0.0588235294117647,0.1176470588235294,0.1764705882352941,1595.4868121700836,711.8258138876397,506695.9893168007,nuc
801,801,60,2492,1331,27,251.3585646812569,255.5765599577224,85,107,119,173,227,260,0.0,0.0,0.0416666666666666,0.1666666666666666,1508.401182161719,650.8062883316794,423548.824932057,nuc
802,802,8,272,648,158,27.437113469371543,60.510336522532526,30,110,121,158,242,263,0.0,0.0714285714285714,0.0714285714285714,0.1428571428571428,1492.6652879888973,647.0282338146948,418645.5353533634,nuc
803,803,62,2366,1912,23,145.87493795651793,130.2104952192849,39,60,60,77,117,172,0.0,0.0769230769230769,0.3076923076923077,0.5384615384615384,1464.0046413316734,685.5454221799341,469972.52587186417,nuc
804,804,19,695,1937,38,251.66440256885696,232.2041231396656,48,48,59,66,94,112,0.0,0.0,0.3,0.8,1150.4480089782635,564.6274518592994,318804.1593931255,nuc
805,805,14,681,1657,37,162.28350069721728,145.5018467594775,33,53,65,139,189,234,0.0,0.0689655172413793,0.1724137931034483,0.1724137931034483,1092.6229642982255,511.0663180019547,261188.7813960751,cyto
806,806,54,2156,59,226,158.73539540946797,104.7114450042646,47,63,65,92,159,264,0.0,0.0,0.1818181818181818,0.3181818181818182,1842.2731232806293,676.2655884035393,457335.1460587852,nuc
807,807,49,2046,792,31,214.0334986089868,171.01051384125623,83,83,151,163,173,188,0.0,0.0,0.0,0.1,1360.4168156131643,571.568940454418,326691.0536921861,nuc
808,808,12,431,898,26,127.09576016929128,152.9225168588421,96,96,96,96,107,114,0.0,0.0,0.0,1.0,1305.119826977254,575.2953144803273,330964.6988630187,nuc
809,809,12,529,856,18,93.28510339975077,100.39682377707412,18,18,18,18,65,104,0.3333333333333333,0.3333333333333333,0.6666666666666666,1.3333333333333333,1273.7548117317565,557.7323398398472,311065.3629032308,nuc
810,810,43,1750,2032,49,73.63153449125788,73.6391982188232,44,45,56,77,140,170,0.0,0.0434782608695652,0.2608695652173913,0.3043478260869565,1165.5996861064498,604.9088346021471,365914.69817972765,nuc
811,811,26,1196,1346,109,205.7687437496025,208.06357543843936,54,72,88,182,226,258,0.0,0.0,0.12,0.16,990.6929815872436,358.9144645283375,128819.5928476632,nuc
812,812,54,2515,146,204,236.5185589532092,389.6924301608539,140,149,183,239,300,300,0.0,0.0,0.0,0.0,1984.604806790367,687.7129148060257,472949.053191,cyto
813,813,54,2334,168,126,55.783996714980624,208.6559538903882,99,107,120,148,217,287,0.0,0.0,0.0,0.1818181818181818,1860.8151727427037,678.82137957134,460798.4653631372,cyto
814,814,7,138,377,30,122.69513440018233,106.11411674616042,27,27,27,34,57,63,0.0,0.4,0.8,2.4,1710.5242336862318,705.4103284455157,497603.73147761024,nuc
815,815,20,913,350,25,137.18875818439773,154.568980579746,59,59,62,75,108,129,0.0,0.0,0.3333333333333333,0.6666666666666666,1418.0207510479072,610.4942156616721,372703.1873563602,cyto
816,816,56,1884,1497,8,260.20252190084267,260.9899751125968,58,58,84,97,104,113,0.0,0.0,0.1111111111111111,0.8888888888888888,1120.3732739125523,523.1706099841521,273707.4871511897,nuc
817,817,52,2109,2241,45,137.04523534711996,99.56570245117872,119,129,147,156,196,236,0.0,0.0,0.037037037037037,0.074074074074074,1426.0614945144375,696.3364361982332,484884.4323772561,nuc
818,818,10,469,206,47,96.15781302875382,112.24310610386506,51,81,81,110,203,218,0.0,0.0,0.0909090909090909,0.2727272727272727,1650.6147437184231,688.9554146927563,474659.5634344678,cyto
819,819,51,1961,1673,74,58.54914280303688,59.520519290499486,31,49,54,62,84,124,0.0,0.0833333333333333,0.4166666666666667,0.7083333333333334,1164.8760351708063,575.2841689633868,330951.87505989464,nuc
820,820,32,1340,2150,39,127.14240949775474,127.76840700518088,36,61,61,83,101,135,0.0,0.0769230769230769,0.2307692307692307,0.6153846153846154,1135.5742421321263,577.6813617467493,333715.7557095786,nuc
821,821,13,603,1001,134,74.65764615819853,49.71742234187514,99,107,107,149,167,202,0.0,0.0,0.0,0.1666666666666666,1192.8594358872922,514.3065641968005,264511.2419759177,nuc
